t	x
0	1
0.2	1.00108
0.4	1.00256
0.6	1.00401
0.8	1.00565
1	1.00772
1.2	1.00975
1.4	1.0118
1.6	1.01407
1.8	1.017
2	1.02019
2.2	1.0237
2.4	1.02766
2.6	1.03185
2.8	1.03602
3	1.03977
3.2	1.04392
3.4	1.0484
3.6	1.05249
3.8	1.05658
4	1.06105
4.2	1.06501
4.4	1.06876
4.6	1.07281
4.8	1.07588
5	1.07864
5.2	1.08056
5.4	1.08215
5.6	1.08349
5.8	1.08519
6	1.086
6.2	1.08707
6.4	1.08812
6.6	1.08828
6.8	1.08735
7	1.08645
7.2	1.08412
7.4	1.08346
7.6	1.08205
7.8	1.08161
8	1.08116
8.2	1.08116
8.4	1.07916
8.6	1.07896
8.8	1.07837
9	1.07728
9.2	1.07694
9.4	1.07655
9.6	1.07751
9.8	1.07779
10	1.07833
10.2	1.07826
10.4	1.07815
10.6	1.07703
10.8	1.07702
11	1.07695
11.2	1.07709
11.4	1.0779
11.6	1.07744
11.8	1.0749
12	1.07275
12.2	1.07215
12.4	1.07008
12.6	1.06888
12.8	1.06959
13	1.06932
13.2	1.06816
13.4	1.06787
13.6	1.06684
13.8	1.06559
14	1.06423
14.2	1.06331
14.4	1.06102
14.6	1.06114
14.8	1.06179
15	1.06249
15.2	1.06298
15.4	1.06518
15.6	1.06389
15.8	1.06452
16	1.06366
16.2	1.06515
16.4	1.06472
16.6	1.06555
16.8	1.06327
17	1.0643
17.2	1.06496
17.4	1.06378
17.6	1.06406
17.8	1.06483
18	1.06562
18.2	1.06341
18.4	1.06606
18.6	1.0648
18.8	1.0656
19	1.06406
19.2	1.06481
19.4	1.06515
19.6	1.06733
19.8	1.06836
20	1.07131
20.2	1.07091
20.4	1.07001
20.6	1.07144
20.8	1.0724
21	1.07105
21.2	1.07207
21.4	1.07253
21.6	1.07243
21.8	1.07198
22	1.07074
22.2	1.07008
22.4	1.07086
22.6	1.06975
22.8	1.07033
23	1.07095
23.2	1.07299
23.4	1.07482
23.6	1.07807
23.8	1.07957
24	1.08209
24.2	1.08175
24.4	1.08038
24.6	1.07595
24.8	1.07395
25	1.07424
25.2	1.07398
25.4	1.07356
25.6	1.07434
25.8	1.07461
26	1.07494
26.2	1.07633
26.4	1.0777
26.6	1.08408
26.8	1.08483
27	1.08604
27.2	1.08804
27.4	1.09224
27.6	1.09035
27.8	1.09041
28	1.09034
28.2	1.09047
28.4	1.08797
28.6	1.08714
28.8	1.08796
29	1.08967
29.2	1.09145
29.4	1.09057
29.6	1.09166
29.8	1.09297
30	1.094
30.2	1.09397
30.4	1.09909
30.6	1.10006
30.8	1.09863
31	1.0995
31.2	1.0961
31.4	1.09604
31.6	1.09892
31.8	1.10179
32	1.09892
32.2	1.10057
32.4	1.09862
32.6	1.0977
32.8	1.10022
33	1.10176
33.2	1.10336
33.4	1.10342
33.6	1.10235
33.8	1.10276
34	1.105
34.2	1.10604
34.4	1.1059
34.6	1.10574
34.8	1.10519
35	1.107
35.2	1.10591
35.4	1.10615
35.6	1.10972
35.8	1.10404
36	1.10354
36.2	1.10757
36.4	1.11051
36.6	1.10777
36.8	1.11274
37	1.11194
37.2	1.10746
37.4	1.10827
37.6	1.10757
37.8	1.10823
38	1.10976
38.2	1.1121
38.4	1.1107
38.6	1.11524
38.8	1.11448
39	1.11364
39.2	1.11618
39.4	1.11768
39.6	1.11572
39.8	1.11664
40	1.11804
40.2	1.11457
40.4	1.11382
40.6	1.11341
40.8	1.11292
41	1.11331
41.2	1.11812
41.4	1.11945
41.6	1.12294
41.8	1.12457
42	1.12922
42.2	1.13058
42.4	1.13204
42.6	1.13492
42.8	1.13837
43	1.13451
43.2	1.1301
43.4	1.13155
43.6	1.13
43.8	1.1291
44	1.13101
44.2	1.13486
44.4	1.13431
44.6	1.13403
44.8	1.13153
45	1.13202
45.2	1.13402
45.4	1.1332
45.6	1.13583
45.8	1.14059
46	1.14025
46.2	1.13892
46.4	1.13948
46.6	1.13696
46.8	1.13727
47	1.1332
47.2	1.13513
47.4	1.13824
47.6	1.13637
47.8	1.13348
48	1.13724
48.2	1.13425
48.4	1.1332
48.6	1.13944
48.8	1.14126
49	1.14174
49.2	1.14334
49.4	1.1419
49.6	1.13871
49.8	1.13783
50	1.14075
50.2	1.1399
50.4	1.13605
50.6	1.14071
50.8	1.14074
51	1.13946
51.2	1.1359
51.4	1.13705
51.6	1.13161
51.8	1.13688
52	1.13721
52.2	1.14365
52.4	1.14746
52.6	1.1429
52.8	1.13819
53	1.13734
53.2	1.13612
53.4	1.1359
53.6	1.14363
53.8	1.14555
54	1.14583
54.2	1.14646
54.4	1.14348
54.6	1.14961
54.8	1.1494
55	1.14966
55.2	1.15346
55.4	1.1582
55.6	1.1519
55.8	1.15454
56	1.1536
56.2	1.15022
56.4	1.14513
56.6	1.14434
56.8	1.13824
57	1.13874
57.2	1.13761
57.4	1.14228
57.6	1.14115
57.8	1.14238
58	1.14845
58.2	1.14955
58.4	1.14823
58.6	1.15084
58.8	1.15125
59	1.14287
59.2	1.1419
59.4	1.14491
59.6	1.14037
59.8	1.14184
60	1.14935
60.2	1.15443
60.4	1.15035
60.6	1.15142
60.8	1.15267
61	1.15086
61.2	1.14748
61.4	1.15131
61.6	1.15078
61.8	1.14992
62	1.14754
62.2	1.14816
62.4	1.14615
62.6	1.14966
62.8	1.14826
63	1.1478
63.2	1.1477
63.4	1.14815
63.6	1.14657
63.8	1.15109
64	1.15117
64.2	1.1499
64.4	1.14714
64.6	1.14659
64.8	1.14444
65	1.14476
65.2	1.14656
65.4	1.14751
65.6	1.14683
65.8	1.14729
66	1.14616
66.2	1.14335
66.4	1.14489
66.6	1.14897
66.8	1.14828
67	1.15104
67.2	1.15095
67.4	1.15048
67.6	1.1473
67.8	1.14834
68	1.14438
68.2	1.14818
68.4	1.14744
68.6	1.15379
68.8	1.15703
69	1.16434
69.2	1.16206
69.4	1.16632
69.6	1.1575
69.8	1.15025
70	1.14641
70.2	1.14252
70.4	1.13959
70.6	1.14315
70.8	1.14545
71	1.14219
71.2	1.14801
71.4	1.14668
71.6	1.15146
71.8	1.15437
72	1.15388
72.2	1.15108
72.4	1.15809
72.6	1.15636
72.8	1.15545
73	1.16477
73.2	1.16961
73.4	1.16589
73.6	1.16162
73.8	1.16254
74	1.16256
74.2	1.16157
74.4	1.16135
74.6	1.16586
74.8	1.16199
75	1.15487
75.2	1.14622
75.4	1.14204
75.6	1.14393
75.8	1.14658
76	1.1476
76.2	1.15383
76.4	1.15102
76.6	1.14995
76.8	1.14648
77	1.15076
77.2	1.14702
77.4	1.15504
77.6	1.15028
77.8	1.14795
78	1.15111
78.2	1.15613
78.4	1.15436
78.6	1.15584
78.8	1.16063
79	1.15506
79.2	1.15194
79.4	1.15467
79.6	1.15072
79.8	1.15667
80	1.1514
80.2	1.15347
80.4	1.14995
80.6	1.15143
80.8	1.14382
81	1.14936
81.2	1.15441
81.4	1.15882
81.6	1.16567
81.8	1.16988
82	1.17258
82.2	1.17229
82.4	1.16988
82.6	1.16281
82.8	1.16251
83	1.15752
83.2	1.15779
83.4	1.15617
83.6	1.15926
83.8	1.15701
84	1.15545
84.2	1.14814
84.4	1.15189
84.6	1.15894
84.8	1.16201
85	1.16272
85.2	1.16386
85.4	1.16777
85.6	1.16295
85.8	1.16634
86	1.16253
86.2	1.16886
86.4	1.16825
86.6	1.17499
86.8	1.17025
87	1.17914
87.2	1.17318
87.4	1.16579
87.6	1.15212
87.8	1.15326
88	1.15323
88.2	1.1562
88.4	1.16375
88.6	1.17625
88.8	1.17848
89	1.17935
89.2	1.18356
89.4	1.17786
89.6	1.18309
89.8	1.18643
90	1.18573
90.2	1.18145
90.4	1.18404
90.6	1.17554
90.8	1.16713
91	1.16908
91.2	1.16854
91.4	1.16709
91.6	1.16228
91.8	1.16873
92	1.16903
92.2	1.17746
92.4	1.18327
92.6	1.18616
92.8	1.18411
93	1.18141
93.2	1.1743
93.4	1.17125
93.6	1.16481
93.8	1.16828
94	1.16822
94.2	1.16872
94.4	1.1718
94.6	1.17993
94.8	1.18197
95	1.18651
95.2	1.18725
95.4	1.18369
95.6	1.17547
95.8	1.16944
96	1.16345
96.2	1.16025
96.4	1.16632
96.6	1.17627
96.8	1.17827
97	1.18319
97.2	1.18702
97.4	1.17224
97.6	1.16808
97.8	1.16506
98	1.16571
98.2	1.16082
98.4	1.16393
98.6	1.171
98.8	1.16878
99	1.16389
99.2	1.16697
99.4	1.16744
99.6	1.16301
99.8	1.16425
100	1.1624
100.2	1.15858
100.4	1.16237
100.6	1.15929
100.8	1.15942
101	1.16425
101.2	1.17134
101.4	1.17465
101.6	1.18184
101.8	1.1855
102	1.17907
102.2	1.17364
102.4	1.17829
102.6	1.16468
102.8	1.16009
103	1.16611
103.2	1.17133
103.4	1.15977
103.6	1.17035
103.8	1.17278
104	1.16872
104.2	1.16773
104.4	1.18222
104.6	1.18164
104.8	1.18395
105	1.19037
105.2	1.1916
105.4	1.1835
105.6	1.18631
105.8	1.18145
106	1.17325
106.2	1.17041
106.4	1.164
106.6	1.16456
106.8	1.16453
107	1.16542
107.2	1.16393
107.4	1.16206
107.6	1.14336
107.8	1.14767
108	1.15928
108.2	1.15836
108.4	1.16416
108.6	1.17069
108.8	1.16649
109	1.15312
109.2	1.1529
109.4	1.15451
109.6	1.16211
109.8	1.16101
110	1.16612
110.2	1.1675
110.4	1.1615
110.6	1.15832
110.8	1.16352
111	1.16367
111.2	1.1611
111.4	1.16749
111.6	1.15975
111.8	1.1581
112	1.16031
112.2	1.16439
112.4	1.1636
112.6	1.17349
112.8	1.17325
113	1.17332
113.2	1.17338
113.4	1.16125
113.6	1.16206
113.8	1.1561
114	1.16423
114.2	1.16523
114.4	1.17968
114.6	1.18001
114.8	1.19301
115	1.19594
115.2	1.19645
115.4	1.18853
115.6	1.18492
115.8	1.17445
116	1.16155
116.2	1.16562
116.4	1.17313
116.6	1.18074
116.8	1.18207
117	1.185
117.2	1.18309
117.4	1.18227
117.6	1.17388
117.8	1.17336
118	1.16538
118.2	1.15876
118.4	1.1509
118.6	1.15395
118.8	1.16851
119	1.17176
119.2	1.17504
119.4	1.18088
119.6	1.18401
119.8	1.1787
120	1.17661
120.2	1.17382
120.4	1.16842
120.6	1.16076
120.8	1.15512
121	1.15128
121.2	1.15444
121.4	1.15416
121.6	1.15546
121.8	1.15212
122	1.16339
122.2	1.15522
122.4	1.16016
122.6	1.16642
122.8	1.16603
123	1.15674
123.2	1.16456
123.4	1.17076
123.6	1.16818
123.8	1.17611
124	1.18034
124.2	1.17858
124.4	1.17252
124.6	1.17736
124.8	1.17463
125	1.17804
125.2	1.1767
125.4	1.17347
125.6	1.15929
125.8	1.1547
126	1.15137
126.2	1.14803
126.4	1.15255
126.6	1.16177
126.8	1.16221
127	1.16045
127.2	1.15996
127.4	1.16207
127.6	1.16128
127.8	1.16328
128	1.16701
128.2	1.17975
128.4	1.17604
128.6	1.18039
128.8	1.18697
129	1.18306
129.2	1.17651
129.4	1.17367
129.6	1.16916
129.8	1.16462
130	1.16499
130.2	1.15477
130.4	1.15489
130.6	1.16205
130.8	1.15741
131	1.16298
131.2	1.17384
131.4	1.17873
131.6	1.17391
131.8	1.16935
132	1.18064
132.2	1.17102
132.4	1.16312
132.6	1.16568
132.8	1.17521
133	1.16208
133.2	1.16149
133.4	1.16403
133.6	1.16373
133.8	1.16307
134	1.16032
134.2	1.17491
134.4	1.17388
134.6	1.17171
134.8	1.17428
135	1.17411
135.2	1.16287
135.4	1.16483
135.6	1.16448
135.8	1.16013
136	1.16304
136.2	1.17626
136.4	1.18483
136.6	1.17642
136.8	1.18181
137	1.17475
137.2	1.16895
137.4	1.1617
137.6	1.15784
137.8	1.15039
138	1.15239
138.2	1.14648
138.4	1.1455
138.6	1.15022
138.8	1.15652
139	1.15985
139.2	1.16142
139.4	1.16309
139.6	1.16691
139.8	1.16442
140	1.16192
140.2	1.15983
140.4	1.15696
140.6	1.15347
140.8	1.15835
141	1.17186
141.2	1.17304
141.4	1.17185
141.6	1.16707
141.8	1.15781
142	1.14812
142.2	1.14129
142.4	1.13673
142.6	1.14272
142.8	1.14688
143	1.14443
143.2	1.15078
143.4	1.15678
143.6	1.15377
143.8	1.1465
144	1.15198
144.2	1.15884
144.4	1.16984
144.6	1.18901
144.8	1.18246
145	1.17682
145.2	1.1785
145.4	1.17051
145.6	1.15685
145.8	1.17078
146	1.17457
146.2	1.16684
146.4	1.17597
146.6	1.17031
146.8	1.17332
147	1.16311
147.2	1.16182
147.4	1.14594
147.6	1.15153
147.8	1.14989
148	1.15715
148.2	1.17097
148.4	1.17582
148.6	1.16358
148.8	1.16621
149	1.15232
149.2	1.14316
149.4	1.13365
149.6	1.15106
149.8	1.14988
150	1.15543
150.2	1.1529
150.4	1.16175
150.6	1.16278
150.8	1.16436
151	1.16749
151.2	1.15956
151.4	1.15944
151.6	1.15772
151.8	1.15586
152	1.16879
152.2	1.18718
152.4	1.19606
152.6	1.19961
152.8	1.19588
153	1.184
153.2	1.17257
153.4	1.15557
153.6	1.1505
153.8	1.15332
154	1.14968
154.2	1.15649
154.4	1.17304
154.6	1.16915
154.8	1.16079
155	1.16647
155.2	1.16026
155.4	1.14683
155.6	1.15472
155.8	1.15898
156	1.16708
156.2	1.16986
156.4	1.18633
156.6	1.17909
156.8	1.16659
157	1.15941
157.2	1.15138
157.4	1.14293
157.6	1.14338
157.8	1.15229
158	1.15059
158.2	1.15466
158.4	1.15955
158.6	1.14682
158.8	1.14306
159	1.13267
159.2	1.13101
159.4	1.12823
159.6	1.14313
159.8	1.15013
160	1.16366
160.2	1.17362
160.4	1.17156
160.6	1.17524
160.8	1.17446
161	1.16931
161.2	1.15505
161.4	1.1518
161.6	1.1437
161.8	1.14306
162	1.14361
162.2	1.15575
162.4	1.15495
162.6	1.14113
162.8	1.14326
163	1.14021
163.2	1.14067
163.4	1.14908
163.6	1.16323
163.8	1.15448
164	1.16481
164.2	1.16005
164.4	1.14807
164.6	1.15669
164.8	1.13072