t	x
0	1
0.1	1.00264
0.2	1.0021
0.3	1.00287
0.4	1.00416
0.5	1.0052
0.6	1.00543
0.7	1.00591
0.8	1.00681
0.9	1.00757
1	1.00808
1.1	1.00771
1.2	1.00784
1.3	1.00816
1.4	1.00902
1.5	1.00925
1.6	1.00915
1.7	1.00982
1.8	1.01103
1.9	1.01214
2	1.01321
2.1	1.01459
2.2	1.0159
2.3	1.01747
2.4	1.01876
2.5	1.01939
2.6	1.02068
2.7	1.02221
2.8	1.02308
2.9	1.02497
3	1.02683
3.1	1.02912
3.2	1.03271
3.3	1.03469
3.4	1.03687
3.5	1.03906
3.6	1.04149
3.7	1.04307
3.8	1.0438
3.9	1.04468
4	1.04521
4.1	1.04675
4.2	1.04915
4.3	1.05076
4.4	1.0536
4.5	1.05653
4.6	1.05821
4.7	1.06199
4.8	1.06406
4.9	1.06627
5	1.06729
5.1	1.06854
5.2	1.07034
5.3	1.07304
5.4	1.07388
5.5	1.0775
5.6	1.08011
5.7	1.08367
5.8	1.0867
5.9	1.08963
6	1.0903
6.1	1.09223
6.2	1.09183
6.3	1.0926
6.4	1.09371
6.5	1.09136
6.6	1.09173
6.7	1.09491
6.8	1.09633
6.9	1.09936
7	1.09945
7.1	1.09887
7.2	1.10227
7.3	1.10056
7.4	1.09981
7.5	1.09993
7.6	1.09762
7.7	1.09854
7.8	1.09857
7.9	1.09618
8	1.09802
8.1	1.09361
8.2	1.09356
8.3	1.09201
8.4	1.08765
8.5	1.08584
8.6	1.08508
8.7	1.08346
8.8	1.08468
8.9	1.08026
9	1.07813
9.1	1.07763
9.2	1.07564
9.3	1.07564
9.4	1.07151
9.5	1.07181
9.6	1.07271
9.7	1.07277
9.8	1.07323
9.9	1.06957
10	1.06803
10.1	1.06844
10.2	1.06422
10.3	1.05891
10.4	1.05596
10.5	1.05299
10.6	1.05449
10.7	1.05213
10.8	1.04987
10.9	1.0456
11	1.0449
11.1	1.04622
11.2	1.04166
11.3	1.0408
11.4	1.03775
11.5	1.0333
11.6	1.03365
11.7	1.03333
11.8	1.03059
11.9	1.031
12	1.02926
12.1	1.02824
12.2	1.02992
12.3	1.02987
12.4	1.03019
12.5	1.02652
12.6	1.0278
12.7	1.02752
12.8	1.02787
12.9	1.02834
13	1.02903
13.1	1.02589
13.2	1.02684
13.3	1.02652
13.4	1.02331
13.5	1.02237
13.6	1.02321
13.7	1.02244
13.8	1.02247
13.9	1.02368
14	1.02406
14.1	1.02683
14.2	1.02796
14.3	1.02927
14.4	1.02706
14.5	1.02692
14.6	1.02683
14.7	1.0263
14.8	1.02546
14.9	1.02579
15	1.02853
15.1	1.03299
15.2	1.03668
15.3	1.03758
15.4	1.04301
15.5	1.045
15.6	1.04372
15.7	1.03756
15.8	1.03548
15.9	1.03392
16	1.03109
16.1	1.02878
16.2	1.02732
16.3	1.02753
16.4	1.02757
16.5	1.03093
16.6	1.03156
16.7	1.03439
16.8	1.02803
16.9	1.02707
17	1.02834
17.1	1.02735
17.2	1.02333
17.3	1.01899
17.4	1.01863
17.5	1.02028
17.6	1.01694
17.7	1.01432
17.8	1.01832
17.9	1.01974
18	1.01867
18.1	1.0202
18.2	1.02236
18.3	1.02754
18.4	1.03195
18.5	1.0293
18.6	1.03314
18.7	1.03933
18.8	1.0401
18.9	1.03942
19	1.04336
19.1	1.04231
19.2	1.04289
19.3	1.0392
19.4	1.04094
19.5	1.03923
19.6	1.03736
19.7	1.03537
19.8	1.03491
19.9	1.03555
20	1.03842
20.1	1.03611
20.2	1.03228
20.3	1.03696
20.4	1.03283
20.5	1.03438
20.6	1.0347
20.7	1.03421
20.8	1.03587
20.9	1.03876
21	1.03929
21.1	1.04313
21.2	1.04188
21.3	1.047
21.4	1.04694
21.5	1.046
21.6	1.05002
21.7	1.04503
21.8	1.04206
21.9	1.04326
22	1.03926
22.1	1.03806
22.2	1.03651
22.3	1.03162
22.4	1.03519
22.5	1.03872
22.6	1.04205
22.7	1.0427
22.8	1.04995
22.9	1.04843
23	1.05387
23.1	1.05677
23.2	1.05941
23.3	1.05383
23.4	1.05646
23.5	1.05324
23.6	1.05576
23.7	1.05343
23.8	1.05186
23.9	1.05486
24	1.05858
24.1	1.05781
24.2	1.05665
24.3	1.06079
24.4	1.05938
24.5	1.05899
24.6	1.05118
24.7	1.04589
24.8	1.04465
24.9	1.04529
25	1.04556
25.1	1.04934
25.2	1.05186
25.3	1.05525
25.4	1.06115
25.5	1.05732
25.6	1.05281
25.7	1.04842
25.8	1.04925
25.9	1.04788
26	1.04828
26.1	1.04476
26.2	1.05077
26.3	1.05252
26.4	1.05563
26.5	1.05758
26.6	1.05813
26.7	1.05792
26.8	1.05984
26.9	1.05584
27	1.05395
27.1	1.05777
27.2	1.05352
27.3	1.0613
27.4	1.06408
27.5	1.06666
27.6	1.07093
27.7	1.07536
27.8	1.06826
27.9	1.06922
28	1.06527
28.1	1.06288
28.2	1.06096
28.3	1.05927
28.4	1.06216
28.5	1.06144
28.6	1.06229
28.7	1.05912
28.8	1.05708
28.9	1.0592
29	1.05849
29.1	1.05614
29.2	1.05918
29.3	1.05459
29.4	1.05119
29.5	1.05762
29.6	1.05228
29.7	1.05118
29.8	1.04448
29.9	1.0473
30	1.04987
30.1	1.05453
30.2	1.05069
30.3	1.05487
30.4	1.05418
30.5	1.061
30.6	1.05844
30.7	1.06033
30.8	1.05829
30.9	1.05932
31	1.05983
31.1	1.06407
31.2	1.0643
31.3	1.07076
31.4	1.06602
31.5	1.06634
31.6	1.06295
31.7	1.06174
31.8	1.06027
31.9	1.06081
32	1.05845
32.1	1.06179
32.2	1.06156
32.3	1.06352
32.4	1.07054
32.5	1.07207
32.6	1.07261
32.7	1.07398
32.8	1.07869
32.9	1.08769
33	1.09033
33.1	1.08604
33.2	1.08829
33.3	1.08929
33.4	1.08889
33.5	1.08994
33.6	1.08178
33.7	1.08282
33.8	1.07698
33.9	1.07452
34	1.07752
34.1	1.07146
34.2	1.06985
34.3	1.06786
34.4	1.06446
34.5	1.06771
34.6	1.06181
34.7	1.06113
34.8	1.06352
34.9	1.05941
35	1.0695
35.1	1.07567
35.2	1.07601
35.3	1.08623
35.4	1.08541
35.5	1.08933
35.6	1.09345
35.7	1.08684
35.8	1.08181
35.9	1.08445
36	1.08322
36.1	1.08169
36.2	1.0738
36.3	1.07174
36.4	1.06653
36.5	1.07152
36.6	1.07606
36.7	1.07212
36.8	1.07442
36.9	1.07907
37	1.08092
37.1	1.0867
37.2	1.08275
37.3	1.07347
37.4	1.07353
37.5	1.07495
37.6	1.08297
37.7	1.08023
37.8	1.0819
37.9	1.08142
38	1.09025
38.1	1.09255
38.2	1.08443
38.3	1.07507
38.4	1.07459
38.5	1.06881
38.6	1.06347
38.7	1.05774
38.8	1.06029
38.9	1.06373
39	1.0731
39.1	1.08631
39.2	1.08992
39.3	1.09595
39.4	1.09421
39.5	1.09253
39.6	1.08613
39.7	1.07725
39.8	1.06047
39.9	1.05602
40	1.04756
40.1	1.05997
40.2	1.0539
40.3	1.06021
40.4	1.05957
40.5	1.06532
40.6	1.07509
40.7	1.08424
40.8	1.07836
40.9	1.08181
41	1.08248
41.1	1.08437
41.2	1.08418
41.3	1.07933
41.4	1.07925
41.5	1.07326
41.6	1.07579
41.7	1.07851
41.8	1.07704
41.9	1.07838
42	1.07189
42.1	1.07311
42.2	1.07945
42.3	1.08139
42.4	1.08498
42.5	1.08837
42.6	1.08672
42.7	1.09778
42.8	1.08942
42.9	1.08453
43	1.08848
43.1	1.08624
43.2	1.09067
43.3	1.09136
43.4	1.08653
43.5	1.09801
43.6	1.10179
43.7	1.09208
43.8	1.0901
43.9	1.07475
44	1.0734
44.1	1.07883
44.2	1.07297
44.3	1.07518
44.4	1.08636
44.5	1.09185
44.6	1.10649
44.7	1.10443
44.8	1.10714
44.9	1.10664
45	1.11125
45.1	1.10065
45.2	1.09024
45.3	1.08314
45.4	1.08831
45.5	1.0832
45.6	1.07687
45.7	1.06843
45.8	1.06669
45.9	1.07566
46	1.07946
46.1	1.07268
46.2	1.0737
46.3	1.08521
46.4	1.08925
46.5	1.09847
46.6	1.09641
46.7	1.09895
46.8	1.10502
46.9	1.10458
47	1.0993
47.1	1.10172
47.2	1.09951
47.3	1.10136
47.4	1.09435
47.5	1.09399
47.6	1.102
47.7	1.11109
47.8	1.10665
47.9	1.111
48	1.10502
48.1	1.10442
48.2	1.10099
48.3	1.09804
48.4	1.08982
48.5	1.08743
48.6	1.0804
48.7	1.0871
48.8	1.08719
48.9	1.09485
49	1.08614
49.1	1.09783
49.2	1.0991
49.3	1.09878
49.4	1.10266
49.5	1.10602
49.6	1.10317
49.7	1.10342
49.8	1.09767
49.9	1.10544
50	1.10322
50.1	1.08976
50.2	1.08898
50.3	1.08794
50.4	1.08324
50.5	1.07879
50.6	1.07436
50.7	1.07877
50.8	1.07712
50.9	1.07293
51	1.07631
51.1	1.08285
51.2	1.08215
51.3	1.08331
51.4	1.0792
51.5	1.0819
51.6	1.08494
51.7	1.08542
51.8	1.07887
51.9	1.07944
52	1.07553
52.1	1.07379
52.2	1.07749
52.3	1.08612
52.4	1.07923
52.5	1.0958
52.6	1.09945
52.7	1.10366
52.8	1.11258
52.9	1.11494
53	1.10807
53.1	1.10403
53.2	1.09818
53.3	1.09243
53.4	1.08226
53.5	1.07958
53.6	1.08162
53.7	1.08723
53.8	1.10956
53.9	1.10161
54	1.10055
54.1	1.10726
54.2	1.10799
54.3	1.11319
54.4	1.12258
54.5	1.10947
54.6	1.10964
54.7	1.1086
54.8	1.10367
54.9	1.09675
55	1.0873
55.1	1.07976
55.2	1.07563
55.3	1.0781
55.4	1.08583
55.5	1.09678
55.6	1.11164
55.7	1.11629
55.8	1.11216
55.9	1.1178
56	1.12241
56.1	1.12299
56.2	1.11921
56.3	1.11576
56.4	1.11856
56.5	1.12403
56.6	1.1313
56.7	1.1349
56.8	1.12879
56.9	1.12648
57	1.11704
57.1	1.10455
57.2	1.10113
57.3	1.09823
57.4	1.08437
57.5	1.08513
57.6	1.07864
57.7	1.07771
57.8	1.09327
57.9	1.09538
58	1.08355
58.1	1.09774
58.2	1.10713
58.3	1.11388
58.4	1.11961
58.5	1.10998
58.6	1.10101
58.7	1.10897
58.8	1.1122
58.9	1.11809
59	1.1162
59.1	1.12538
59.2	1.12899
59.3	1.13482
59.4	1.13067
59.5	1.11598
59.6	1.10649
59.7	1.10834
59.8	1.09984
59.9	1.09719
60	1.10397
60.1	1.10561
60.2	1.11518
60.3	1.10688
60.4	1.11675
60.5	1.11351
60.6	1.11207
60.7	1.11341
60.8	1.11276
60.9	1.11627
61	1.11793
61.1	1.11402
61.2	1.12327
61.3	1.12914
61.4	1.12383
61.5	1.12514
61.6	1.11504
61.7	1.12347
61.8	1.1197
61.9	1.11166
62	1.10042
62.1	1.10477
62.2	1.10849
62.3	1.12623
62.4	1.12452
62.5	1.12773
62.6	1.12607
62.7	1.12702
62.8	1.12647
62.9	1.12416
63	1.10971
63.1	1.10528
63.2	1.10344
63.3	1.11077
63.4	1.12052
63.5	1.11136
63.6	1.1047
63.7	1.11024
63.8	1.11907
63.9	1.11194
64	1.10596
64.1	1.10708
64.2	1.11106
64.3	1.11463
64.4	1.11387
64.5	1.10132
64.6	1.10732
64.7	1.10816
64.8	1.09204
64.9	1.08942
65	1.08578
65.1	1.09192
65.2	1.10379
65.3	1.1045
65.4	1.10894
65.5	1.12543
65.6	1.13706
65.7	1.13528
65.8	1.12842
65.9	1.12232
66	1.1174
66.1	1.11199
66.2	1.10068
66.3	1.09323
66.4	1.10173
66.5	1.09747
66.6	1.10305
66.7	1.10672
66.8	1.10549
66.9	1.10678
67	1.09481
67.1	1.09278
67.2	1.1031
67.3	1.09926
67.4	1.10532
67.5	1.11597
67.6	1.12913
67.7	1.1357
67.8	1.14399
67.9	1.13628
68	1.12864
68.1	1.12731
68.2	1.12343
68.3	1.11921
68.4	1.1269
68.5	1.12524
68.6	1.12978
68.7	1.14495
68.8	1.14509
68.9	1.14341
69	1.15124
69.1	1.14501
69.2	1.14121
69.3	1.13619
69.4	1.12703
69.5	1.11544
69.6	1.11247
69.7	1.09679
69.8	1.09998
69.9	1.10441
70	1.0975
70.1	1.10307
70.2	1.12961
70.3	1.13546
70.4	1.13477
70.5	1.13811
70.6	1.13607
70.7	1.14704
70.8	1.14576
70.9	1.13012
71	1.12768
71.1	1.12763
71.2	1.12283
71.3	1.11558
71.4	1.09428
71.5	1.09902
71.6	1.10564
71.7	1.11473
71.8	1.11466
71.9	1.10446
72	1.11277
72.1	1.12265
72.2	1.12344
72.3	1.11384
72.4	1.0923
72.5	1.09618
72.6	1.09614
72.7	1.08229
72.8	1.08298
72.9	1.07203
73	1.07559
73.1	1.08787
73.2	1.09585
73.3	1.11274
73.4	1.11697
73.5	1.11953
73.6	1.12632
73.7	1.11932
73.8	1.11877
73.9	1.10072
74	1.10081
74.1	1.10688
74.2	1.11318
74.3	1.11939
74.4	1.12465
74.5	1.12775
74.6	1.13512
74.7	1.13885
74.8	1.14913
74.9	1.14941
75	1.13435
75.1	1.13507
75.2	1.13272
75.3	1.12421
75.4	1.10193
75.5	1.08532
75.6	1.08492
75.7	1.0813
75.8	1.08716
75.9	1.07236
76	1.10607
76.1	1.1179
76.2	1.13253
76.3	1.1295
76.4	1.13279
76.5	1.13171
76.6	1.16122
76.7	1.1513
76.8	1.14722
76.9	1.13246
77	1.13306
77.1	1.1387
77.2	1.12861
77.3	1.12193
77.4	1.11921
77.5	1.11283
77.6	1.12081
77.7	1.12771
77.8	1.12311
77.9	1.12323
78	1.10962
78.1	1.09528
78.2	1.10416
78.3	1.10763
78.4	1.08823
78.5	1.09171
78.6	1.08888
78.7	1.09761
78.8	1.11466
78.9	1.12813
79	1.11559
79.1	1.12769
79.2	1.12678
79.3	1.13116
79.4	1.12323
79.5	1.10826
79.6	1.09359
79.7	1.10394
79.8	1.10289
79.9	1.0978
80	1.09021
80.1	1.10094
80.2	1.09998
80.3	1.09629
80.4	1.0919
80.5	1.1009
80.6	1.11547
80.7	1.1124
80.8	1.17201