t	x
0	1
0.1	1.00056
0.2	1.00125
0.3	1.00245
0.4	1.0037
0.5	1.00449
0.6	1.00509
0.7	1.0061
0.8	1.00693
0.9	1.00801
1	1.00867
1.1	1.00947
1.2	1.01018
1.3	1.01052
1.4	1.01111
1.5	1.01156
1.6	1.01179
1.7	1.01163
1.8	1.01203
1.9	1.01315
2	1.0149
2.1	1.01603
2.2	1.01685
2.3	1.01806
2.4	1.01934
2.5	1.02047
2.6	1.0212
2.7	1.02239
2.8	1.02299
2.9	1.02429
3	1.02609
3.1	1.02747
3.2	1.02905
3.3	1.03052
3.4	1.03056
3.5	1.03202
3.6	1.03423
3.7	1.03419
3.8	1.03518
3.9	1.03626
4	1.03843
4.1	1.04111
4.2	1.04222
4.3	1.04389
4.4	1.04673
4.5	1.05046
4.6	1.05259
4.7	1.05478
4.8	1.05407
4.9	1.05572
5	1.05591
5.1	1.05622
5.2	1.05633
5.3	1.05957
5.4	1.0601
5.5	1.06296
5.6	1.06547
5.7	1.06537
5.8	1.06711
5.9	1.06791
6	1.06766
6.1	1.06883
6.2	1.06879
6.3	1.06767
6.4	1.07161
6.5	1.07429
6.6	1.07515
6.7	1.07611
6.8	1.07769
6.9	1.08039
7	1.07944
7.1	1.07632
7.2	1.07653
7.3	1.07726
7.4	1.07646
7.5	1.07411
7.6	1.07134
7.7	1.075
7.8	1.07599
7.9	1.07669
8	1.07602
8.1	1.07528
8.2	1.07259
8.3	1.07262
8.4	1.07229
8.5	1.07328
8.6	1.07144
8.7	1.07221
8.8	1.07069
8.9	1.07301
9	1.07293
9.1	1.07049
9.2	1.06615
9.3	1.06206
9.4	1.0604
9.5	1.06034
9.6	1.05829
9.7	1.05411
9.8	1.05155
9.9	1.05314
10	1.05051
10.1	1.04927
10.2	1.05119
10.3	1.04875
10.4	1.05103
10.5	1.04842
10.6	1.04584
10.7	1.04872
10.8	1.04499
10.9	1.03894
11	1.03794
11.1	1.03637
11.2	1.0358
11.3	1.03446
11.4	1.02717
11.5	1.02686
11.6	1.02566
11.7	1.02568
11.8	1.02516
11.9	1.02481
12	1.0247
12.1	1.02879
12.2	1.02465
12.3	1.02661
12.4	1.02696
12.5	1.024
12.6	1.02658
12.7	1.02421
12.8	1.02549
12.9	1.02554
13	1.01889
13.1	1.01601
13.2	1.01863
13.3	1.01673
13.4	1.01752
13.5	1.01473
13.6	1.01921
13.7	1.01981
13.8	1.02006
13.9	1.02022
14	1.01944
14.1	1.02265
14.2	1.02478
14.3	1.02513
14.4	1.02737
14.5	1.02527
14.6	1.02423
14.7	1.02261
14.8	1.02217
14.9	1.01882
15	1.01342
15.1	1.01385
15.2	1.01904
15.3	1.01916
15.4	1.02238
15.5	1.02241
15.6	1.02281
15.7	1.0247
15.8	1.02802
15.9	1.02334
16	1.02339
16.1	1.02351
16.2	1.02225
16.3	1.02262
16.4	1.02536
16.5	1.02312
16.6	1.02732
16.7	1.02132
16.8	1.01875
16.9	1.01938
17	1.01545
17.1	1.01775
17.2	1.01834
17.3	1.01671
17.4	1.02356
17.5	1.02517
17.6	1.02323
17.7	1.02829
17.8	1.0247
17.9	1.02588
18	1.02395
18.1	1.02526
18.2	1.02233
18.3	1.02213
18.4	1.02194
18.5	1.01999
18.6	1.01497
18.7	1.01572
18.8	1.01338
18.9	1.01204
19	1.01028
19.1	1.01646
19.2	1.02063
19.3	1.02355
19.4	1.02838
19.5	1.02476
19.6	1.028
19.7	1.02811
19.8	1.0272
19.9	1.02659
20	1.02514
20.1	1.02187
20.2	1.02711
20.3	1.02765
20.4	1.03189
20.5	1.0261
20.6	1.02381
20.7	1.02584
20.8	1.03451
20.9	1.03052
21	1.03216
21.1	1.02989
21.2	1.03097
21.3	1.03884
21.4	1.04053
21.5	1.03994
21.6	1.04566
21.7	1.04159
21.8	1.04249
21.9	1.04537
22	1.04027
22.1	1.0433
22.2	1.03691
22.3	1.03807
22.4	1.04012
22.5	1.04339
22.6	1.04229
22.7	1.04824
22.8	1.03956
22.9	1.04157
23	1.04075
23.1	1.04325
23.2	1.04328
23.3	1.04173
23.4	1.02933
23.5	1.03411
23.6	1.03314
23.7	1.03705
23.8	1.03724
23.9	1.03706
24	1.03445
24.1	1.04309
24.2	1.04362
24.3	1.04503
24.4	1.03878
24.5	1.03808
24.6	1.03933
24.7	1.04331
24.8	1.04445
24.9	1.04315
25	1.04138
25.1	1.0421
25.2	1.03958
25.3	1.03411
25.4	1.03316
25.5	1.03344
25.6	1.03999
25.7	1.04125
25.8	1.03744
25.9	1.0369
26	1.04127
26.1	1.0441
26.2	1.04233
26.3	1.04121
26.4	1.03932
26.5	1.04681
26.6	1.05187
26.7	1.0519
26.8	1.05269
26.9	1.04611
27	1.04
27.1	1.04591
27.2	1.04591
27.3	1.04198
27.4	1.04
27.5	1.03403
27.6	1.04025
27.7	1.04634
27.8	1.04649
27.9	1.0443
28	1.05384
28.1	1.05647
28.2	1.06239
28.3	1.0616
28.4	1.05669
28.5	1.05911
28.6	1.06032
28.7	1.05688
28.8	1.05731
28.9	1.05842
29	1.06266
29.1	1.06351
29.2	1.05467
29.3	1.0537
29.4	1.05566
29.5	1.05585
29.6	1.05138
29.7	1.04707
29.8	1.0496
29.9	1.05499
30	1.04962
30.1	1.04523
30.2	1.04635
30.3	1.04738
30.4	1.05581
30.5	1.05407
30.6	1.05091
30.7	1.0537
30.8	1.05134
30.9	1.04996
31	1.0486
31.1	1.04219
31.2	1.04138
31.3	1.04644
31.4	1.0503
31.5	1.05484
31.6	1.05355
31.7	1.05186
31.8	1.04991
31.9	1.04827
32	1.04158
32.1	1.03681
32.2	1.03198
32.3	1.02893
32.4	1.03105
32.5	1.02447
32.6	1.02569
32.7	1.02959
32.8	1.03576
32.9	1.03432
33	1.0322
33.1	1.02841
33.2	1.03778
33.3	1.03897
33.4	1.03547
33.5	1.04315
33.6	1.04719
33.7	1.04805
33.8	1.06008
33.9	1.06254
34	1.06582
34.1	1.06215
34.2	1.05127
34.3	1.05621
34.4	1.05191
34.5	1.04374
34.6	1.04489
34.7	1.04826
34.8	1.05303
34.9	1.05256
35	1.05217
35.1	1.05823
35.2	1.05907
35.3	1.05114
35.4	1.04356
35.5	1.04624
35.6	1.04673
35.7	1.04053
35.8	1.04555
35.9	1.04817
36	1.05155
36.1	1.06087
36.2	1.05686
36.3	1.05977
36.4	1.06075
36.5	1.05493
36.6	1.05636
36.7	1.05955
36.8	1.0516
36.9	1.05132
37	1.0504
37.1	1.05675
37.2	1.06802
37.3	1.06378
37.4	1.05698
37.5	1.0582
37.6	1.06376
37.7	1.05696
37.8	1.048
37.9	1.04139
38	1.04254
38.1	1.05179
38.2	1.05563
38.3	1.05032
38.4	1.04946
38.5	1.04534
38.6	1.05298
38.7	1.04652
38.8	1.05042
38.9	1.05283
39	1.05602
39.1	1.06354
39.2	1.07358
39.3	1.07339
39.4	1.07996
39.5	1.07403
39.6	1.0644
39.7	1.0662
39.8	1.06298
39.9	1.057
40	1.05214
40.1	1.04555
40.2	1.03515
40.3	1.0427
40.4	1.04537
40.5	1.04551
40.6	1.05039
40.7	1.04945
40.8	1.04727
40.9	1.05379
41	1.05145
41.1	1.04945
41.2	1.04575
41.3	1.04921
41.4	1.05059
41.5	1.07151
41.6	1.0756
41.7	1.07294
41.8	1.0712
41.9	1.07627
42	1.07923
42.1	1.07809
42.2	1.05607
42.3	1.05744
42.4	1.06361
42.5	1.05971
42.6	1.06248
42.7	1.0483
42.8	1.05602
42.9	1.06882
43	1.06712
43.1	1.06578
43.2	1.0768
43.3	1.07091
43.4	1.07391
43.5	1.06291
43.6	1.05998
43.7	1.06207
43.8	1.06301
43.9	1.05701
44	1.05542
44.1	1.0639
44.2	1.0666
44.3	1.06873
44.4	1.05698
44.5	1.04788
44.6	1.04058
44.7	1.04907
44.8	1.0462
44.9	1.04723
45	1.04632
45.1	1.05355
45.2	1.06033
45.3	1.0623
45.4	1.059
45.5	1.06818
45.6	1.0715
45.7	1.07201
45.8	1.07233
45.9	1.06745
46	1.07783
46.1	1.07111
46.2	1.0606
46.3	1.06118
46.4	1.06122
46.5	1.06187
46.6	1.06858
46.7	1.06248
46.8	1.07385
46.9	1.07185
47	1.06126
47.1	1.05391
47.2	1.05019
47.3	1.04439
47.4	1.0467
47.5	1.04254
47.6	1.05187
47.7	1.04776
47.8	1.05078
47.9	1.05313
48	1.0462
48.1	1.03543
48.2	1.03471
48.3	1.02469
48.4	1.0332
48.5	1.03722
48.6	1.04254
48.7	1.05604
48.8	1.0599
48.9	1.06296
49	1.06003
49.1	1.05875
49.2	1.0647
49.3	1.05712
49.4	1.05507
49.5	1.05924
49.6	1.06508
49.7	1.06744
49.8	1.06423
49.9	1.05547
50	1.04964
50.1	1.03672
50.2	1.03251
50.3	1.02168
50.4	1.02306
50.5	1.02634
50.6	1.02329
50.7	1.03665
50.8	1.04895
50.9	1.06232
51	1.06213
51.1	1.06143
51.2	1.06367
51.3	1.06953
51.4	1.07587
51.5	1.07028
51.6	1.05574
51.7	1.05153
51.8	1.06367
51.9	1.06189
52	1.05472
52.1	1.03522
52.2	1.03563
52.3	1.03727
52.4	1.03738
52.5	1.02602
52.6	1.02821
52.7	1.02794
52.8	1.03078
52.9	1.03367
53	1.04342
53.1	1.04733
53.2	1.05457
53.3	1.05374
53.4	1.06722
53.5	1.06509
53.6	1.06923
53.7	1.05583
53.8	1.06172
53.9	1.06251
54	1.06965
54.1	1.0674
54.2	1.08032
54.3	1.08949
54.4	1.10081
54.5	1.09421
54.6	1.09527
54.7	1.0886
54.8	1.08782
54.9	1.08553
55	1.07729
55.1	1.08558
55.2	1.0846
55.3	1.08489
55.4	1.08422
55.5	1.08294
55.6	1.07618
55.7	1.07646
55.8	1.06198
55.9	1.067
56	1.05892
56.1	1.05758
56.2	1.05208
56.3	1.0594
56.4	1.05465
56.5	1.05675
56.6	1.04864
56.7	1.05078
56.8	1.05642
56.9	1.05762
57	1.04815
57.1	1.05328
57.2	1.05435
57.3	1.06392
57.4	1.05838
57.5	1.05148
57.6	1.05258
57.7	1.05962
57.8	1.05649
57.9	1.06292
58	1.06666
58.1	1.07423
58.2	1.08619
58.3	1.08154
58.4	1.07459
58.5	1.06668
58.6	1.05106
58.7	1.03579
58.8	1.03778
58.9	1.02731
59	1.02755
59.1	1.02604
59.2	1.03483
59.3	1.05258
59.4	1.07209
59.5	1.06561
59.6	1.06736
59.7	1.08053
59.8	1.09044
59.9	1.08753
60	1.07408
60.1	1.07569
60.2	1.06833
60.3	1.06912
60.4	1.05847
60.5	1.06632
60.6	1.06202
60.7	1.07561
60.8	1.05431
60.9	1.06556
61	1.06715
61.1	1.06723
61.2	1.0512
61.3	1.05646
61.4	1.05136
61.5	1.07109
61.6	1.07376
61.7	1.07716
61.8	1.07562
61.9	1.08025
62	1.07924
62.1	1.06882
62.2	1.05673
62.3	1.04939
62.4	1.03959
62.5	1.04694
62.6	1.05509
62.7	1.05084
62.8	1.05512
62.9	1.06309
63	1.06341
63.1	1.06663
63.2	1.05558
63.3	1.04178
63.4	1.03853
63.5	1.0289
63.6	1.02082
63.7	1.01722
63.8	1.01975
63.9	1.02555
64	1.03423
64.1	1.04259
64.2	1.05768
64.3	1.05532
64.4	1.05413
64.5	1.0422
64.6	1.03513
64.7	1.03442
64.8	1.02408
64.9	1.02055
65	1.02801
65.1	1.04884
65.2	1.06277
65.3	1.07146
65.4	1.08113
65.5	1.09117
65.6	1.09891
65.7	1.10307
65.8	1.08807
65.9	1.07773
66	1.06916
66.1	1.05777
66.2	1.06049
66.3	1.05023
66.4	1.04329
66.5	1.04526
66.6	1.05677
66.7	1.0623
66.8	1.06573
66.9	1.06679
67	1.06438
67.1	1.06595
67.2	1.05458
67.3	1.05407
67.4	1.05091
67.5	1.04181
67.6	1.03468
67.7	1.04292
67.8	1.03877
67.9	1.04258
68	1.04137
68.1	1.04207
68.2	1.04668
68.3	1.03923
68.4	1.03725
68.5	1.03751
68.6	1.04262
68.7	1.04551
68.8	1.05365
68.9	1.04442
69	1.05625
69.1	1.05181
69.2	1.04929
69.3	1.05591
69.4	1.05667
69.5	1.0501
69.6	1.05752
69.7	1.0604
69.8	1.04645
69.9	1.0517
70	1.04989
70.1	1.04543
70.2	1.05046
70.3	1.06167
70.4	1.05636
70.5	1.07772
70.6	1.06381
70.7	1.05549
70.8	1.05469
70.9	1.04383
71	1.04166
71.1	1.04196
71.2	1.04419
71.3	1.06635
71.4	1.07256
71.5	1.06888
71.6	1.08018
71.7	1.06885
71.8	1.07095
71.9	1.06387
72	1.0564
72.1	1.0682
72.2	1.08186
72.3	1.08592
72.4	1.09443
72.5	1.09052
72.6	1.08727
72.7	1.08653
72.8	1.0677
72.9	1.03791
73	1.02443
73.1	1.02193
73.2	1.01502
73.3	1.02056
73.4	1.04109
73.5	1.04367
73.6	1.0547
73.7	1.06392
73.8	1.05749
73.9	1.07088
74	1.06516
74.1	1.03657
74.2	1.04442
74.3	1.05811
74.4	1.0675
74.5	1.07053
74.6	1.05792
74.7	1.0639
74.8	1.06389
74.9	1.04896
75	1.01686
75.1	1.00718
75.2	0.9905
75.3	0.98669
75.4	0.9792
75.5	0.99497
75.6	1.00462
75.7	1.04411
75.8	1.03863
75.9	1.0552
76	1.05409
76.1	1.06401
76.2	1.07291
76.3	1.06695
76.4	1.05346
76.5	1.0618
76.6	1.07705
76.7	1.08966
76.8	1.07875
76.9	1.06035
77	1.07457
77.1	1.07463
77.2	1.0702
77.3	1.05361
77.4	1.05072
77.5	1.05431
77.6	1.06211
77.7	1.05487
77.8	1.05099
77.9	1.05266
78	1.05983
78.1	1.06136
78.2	1.07016
78.3	1.07042
78.4	1.07936
78.5	1.06864
78.6	1.06729
78.7	1.05815
78.8	1.05824
78.9	1.04183
79	1.03678
79.1	1.0353
79.2	1.04244
79.3	1.03527
79.4	1.0322
79.5	1.03455
79.6	1.03736
79.7	1.0311
79.8	1.01829
79.9	1.03166
80	1.02299