t	x
0	1
0.1	1.00365
0.2	1.00832
0.3	1.01142
0.4	1.01463
0.5	1.01733
0.6	1.02017
0.7	1.02237
0.8	1.02406
0.9	1.02596
1	1.02747
1.1	1.02922
1.2	1.03083
1.3	1.03232
1.4	1.03325
1.5	1.03422
1.6	1.03465
1.7	1.03642
1.8	1.03752
1.9	1.03864
2	1.04006
2.1	1.04208
2.2	1.04403
2.3	1.0466
2.4	1.04859
2.5	1.05143
2.6	1.05403
2.7	1.0566
2.8	1.05843
2.9	1.06113
3	1.06332
3.1	1.06562
3.2	1.06739
3.3	1.06909
3.4	1.07077
3.5	1.07358
3.6	1.07621
3.7	1.07857
3.8	1.08044
3.9	1.08308
4	1.08595
4.1	1.08791
4.2	1.09006
4.3	1.09144
4.4	1.09296
4.5	1.09474
4.6	1.09505
4.7	1.09685
4.8	1.09843
4.9	1.1006
5	1.10074
5.1	1.10199
5.2	1.10256
5.3	1.10355
5.4	1.10425
5.5	1.10493
5.6	1.10403
5.7	1.10579
5.8	1.10709
5.9	1.10798
6	1.10855
6.1	1.10817
6.2	1.10805
6.3	1.10948
6.4	1.10957
6.5	1.10931
6.6	1.10878
6.7	1.1093
6.8	1.10909
6.9	1.10842
7	1.10825
7.1	1.10748
7.2	1.10631
7.3	1.10706
7.4	1.10762
7.5	1.10545
7.6	1.10648
7.7	1.10533
7.8	1.10606
7.9	1.10512
8	1.10302
8.1	1.10192
8.2	1.10315
8.3	1.10168
8.4	1.10112
8.5	1.09889
8.6	1.10115
8.7	1.10111
8.8	1.09986
8.9	1.0979
9	1.09798
9.1	1.09757
9.2	1.09749
9.3	1.09565
9.4	1.09584
9.5	1.09635
9.6	1.09923
9.7	1.09804
9.8	1.0971
9.9	1.09637
10	1.09683
10.1	1.09783
10.2	1.09621
10.3	1.09601
10.4	1.09594
10.5	1.0965
10.6	1.09901
10.7	1.09917
10.8	1.09839
10.9	1.09961
11	1.097
11.1	1.09812
11.2	1.09961
11.3	1.09904
11.4	1.098
11.5	1.09777
11.6	1.0989
11.7	1.10137
11.8	1.10171
11.9	1.10199
12	1.10333
12.1	1.10673
12.2	1.10927
12.3	1.10966
12.4	1.11043
12.5	1.1115
12.6	1.11108
12.7	1.11239
12.8	1.11001
12.9	1.11015
13	1.11287
13.1	1.11275
13.2	1.11374
13.3	1.11297
13.4	1.10991
13.5	1.11315
13.6	1.11369
13.7	1.11014
13.8	1.11364
13.9	1.11444
14	1.11666
14.1	1.11821
14.2	1.11566
14.3	1.11592
14.4	1.11873
14.5	1.11716
14.6	1.1176
14.7	1.11804
14.8	1.11938
14.9	1.11952
15	1.12213
15.1	1.12279
15.2	1.12551
15.3	1.12774
15.4	1.12849
15.5	1.1293
15.6	1.13195
15.7	1.13292
15.8	1.13363
15.9	1.13309
16	1.13579
16.1	1.13697
16.2	1.14021
16.3	1.14567
16.4	1.14788
16.5	1.15095
16.6	1.15228
16.7	1.15163
16.8	1.15527
16.9	1.15576
17	1.15464
17.1	1.15398
17.2	1.15742
17.3	1.159
17.4	1.16034
17.5	1.1623
17.6	1.16286
17.7	1.16568
17.8	1.17054
17.9	1.16925
18	1.17025
18.1	1.17479
18.2	1.17773
18.3	1.17888
18.4	1.17854
18.5	1.17903
18.6	1.18511
18.7	1.19024
18.8	1.18906
18.9	1.19032
19	1.19598
19.1	1.19854
19.2	1.19745
19.3	1.19362
19.4	1.19315
19.5	1.19424
19.6	1.19627
19.7	1.1966
19.8	1.20035
19.9	1.20244
20	1.20515
20.1	1.20683
20.2	1.20979
20.3	1.20706
20.4	1.20637
20.5	1.20484
20.6	1.20442
20.7	1.20504
20.8	1.20395
20.9	1.20331
21	1.206
21.1	1.20873
21.2	1.20861
21.3	1.20973
21.4	1.20703
21.5	1.20781
21.6	1.20725
21.7	1.2065
21.8	1.20359
21.9	1.20011
22	1.19853
22.1	1.19782
22.2	1.19564
22.3	1.19318
22.4	1.18783
22.5	1.18553
22.6	1.18644
22.7	1.18497
22.8	1.1837
22.9	1.18105
23	1.178
23.1	1.17803
23.2	1.17365
23.3	1.16936
23.4	1.16762
23.5	1.16567
23.6	1.16041
23.7	1.15663
23.8	1.15463
23.9	1.15281
24	1.14959
24.1	1.14033
24.2	1.13737
24.3	1.13834
24.4	1.13831
24.5	1.13341
24.6	1.12978
24.7	1.12752
24.8	1.13151
24.9	1.12757
25	1.12713
25.1	1.12411
25.2	1.12334
25.3	1.125
25.4	1.12238
25.5	1.1176
25.6	1.11875
25.7	1.11739
25.8	1.11642
25.9	1.11386
26	1.11134
26.1	1.11152
26.2	1.11298
26.3	1.11157
26.4	1.10762
26.5	1.10682
26.6	1.1086
26.7	1.10789
26.8	1.10698
26.9	1.10892
27	1.10938
27.1	1.11155
27.2	1.11192
27.3	1.11031
27.4	1.1125
27.5	1.11913
27.6	1.11765
27.7	1.11553
27.8	1.11408
27.9	1.11448
28	1.11506
28.1	1.11675
28.2	1.11224
28.3	1.11673
28.4	1.11886
28.5	1.11769
28.6	1.11888
28.7	1.12232
28.8	1.12108
28.9	1.1215
29	1.11914
29.1	1.11753
29.2	1.11997
29.3	1.12348
29.4	1.12413
29.5	1.12504
29.6	1.12735
29.7	1.12521
29.8	1.12859
29.9	1.13191
30	1.13296
30.1	1.13248
30.2	1.13407
30.3	1.13389
30.4	1.13827
30.5	1.1396
30.6	1.14132
30.7	1.14335
30.8	1.14468
30.9	1.14328
31	1.14879
31.1	1.15056
31.2	1.15296
31.3	1.15205
31.4	1.15051
31.5	1.15427
31.6	1.15967
31.7	1.15607
31.8	1.15604
31.9	1.15613
32	1.16086
32.1	1.16625
32.2	1.16635
32.3	1.16787
32.4	1.16875
32.5	1.17114
32.6	1.17509
32.7	1.16995
32.8	1.16846
32.9	1.16726
33	1.16434
33.1	1.17376
33.2	1.17353
33.3	1.17247
33.4	1.17838
33.5	1.17556
33.6	1.17781
33.7	1.1829
33.8	1.17793
33.9	1.18062
34	1.18099
34.1	1.18211
34.2	1.18481
34.3	1.18799
34.4	1.18642
34.5	1.18504
34.6	1.18043
34.7	1.18015
34.8	1.17902
34.9	1.17597
35	1.17247
35.1	1.17385
35.2	1.17728
35.3	1.18143
35.4	1.18379
35.5	1.18549
35.6	1.18968
35.7	1.19156
35.8	1.19204
35.9	1.19231
36	1.18852
36.1	1.18737
36.2	1.18536
36.3	1.18457
36.4	1.18061
36.5	1.17905
36.6	1.17789
36.7	1.18362
36.8	1.18224
36.9	1.18896
37	1.19084
37.1	1.19024
37.2	1.18854
37.3	1.18672
37.4	1.18358
37.5	1.1848
37.6	1.17828
37.7	1.17719
37.8	1.18644
37.9	1.19099
38	1.19224
38.1	1.19426
38.2	1.19558
38.3	1.20011
38.4	1.19954
38.5	1.19449
38.6	1.18947
38.7	1.18994
38.8	1.19026
38.9	1.18615
39	1.18279
39.1	1.18332
39.2	1.18131
39.3	1.18451
39.4	1.18426
39.5	1.18315
39.6	1.18463
39.7	1.18344
39.8	1.18084
39.9	1.18174
40	1.18706
40.1	1.1881
40.2	1.18981
40.3	1.19046
40.4	1.19506
40.5	1.19973
40.6	1.2005
40.7	1.1954
40.8	1.19497
40.9	1.19254
41	1.19645
41.1	1.19022
41.2	1.19161
41.3	1.19528
41.4	1.1915
41.5	1.19545
41.6	1.19827
41.7	1.1953
41.8	1.20106
41.9	1.20249
42	1.20265
42.1	1.20414
42.2	1.19868
42.3	1.19637
42.4	1.19976
42.5	1.19833
42.6	1.19138
42.7	1.19149
42.8	1.20141
42.9	1.20742
43	1.2101
43.1	1.21276
43.2	1.21343
43.3	1.21837
43.4	1.21981
43.5	1.21541
43.6	1.2156
43.7	1.21676
43.8	1.21917
43.9	1.22194
44	1.22617
44.1	1.2221
44.2	1.22675
44.3	1.22628
44.4	1.22986
44.5	1.22518
44.6	1.22381
44.7	1.22327
44.8	1.22838
44.9	1.2293
45	1.2287
45.1	1.22251
45.2	1.22156
45.3	1.22268
45.4	1.22137
45.5	1.22107
45.6	1.21729
45.7	1.22146
45.8	1.22701
45.9	1.23353
46	1.2273
46.1	1.22657
46.2	1.22404
46.3	1.2228
46.4	1.21534
46.5	1.21447
46.6	1.20839
46.7	1.21293
46.8	1.21062
46.9	1.21335
47	1.21207
47.1	1.21338
47.2	1.21246
47.3	1.21867
47.4	1.22014
47.5	1.21614
47.6	1.21444
47.7	1.2083
47.8	1.2099
47.9	1.2098
48	1.20578
48.1	1.20523
48.2	1.20759
48.3	1.20658
48.4	1.21326
48.5	1.20754
48.6	1.20499
48.7	1.20394
48.8	1.20529
48.9	1.2079
49	1.21168
49.1	1.21309
49.2	1.221
49.3	1.22166
49.4	1.21844
49.5	1.2104
49.6	1.20891
49.7	1.20695
49.8	1.20001
49.9	1.19772
50	1.19961
50.1	1.20205
50.2	1.2054
50.3	1.20415
50.4	1.20227
50.5	1.20562
50.6	1.2117
50.7	1.20809
50.8	1.20586
50.9	1.20839
51	1.21564
51.1	1.21427
51.2	1.21626
51.3	1.20897
51.4	1.21042
51.5	1.20879
51.6	1.21349
51.7	1.20348
51.8	1.20218
51.9	1.20494
52	1.20898
52.1	1.20947
52.2	1.20928
52.3	1.2046
52.4	1.21128
52.5	1.21126
52.6	1.20949
52.7	1.20283
52.8	1.20272
52.9	1.20468
53	1.20588
53.1	1.20455
53.2	1.20805
53.3	1.20799
53.4	1.21068
53.5	1.20552
53.6	1.20728
53.7	1.20244
53.8	1.20136
53.9	1.19567
54	1.19637
54.1	1.1983
54.2	1.20051
54.3	1.20029
54.4	1.20014
54.5	1.20678
54.6	1.21457
54.7	1.21154
54.8	1.21144
54.9	1.21457
55	1.21877
55.1	1.21783
55.2	1.21487
55.3	1.22205
55.4	1.21799
55.5	1.22393
55.6	1.22449
55.7	1.22314
55.8	1.22905
55.9	1.22267
56	1.21827
56.1	1.22295
56.2	1.21374
56.3	1.21012
56.4	1.20934
56.5	1.20557
56.6	1.2072
56.7	1.19799
56.8	1.19667
56.9	1.19844
57	1.20031
57.1	1.20464
57.2	1.21123
57.3	1.20844
57.4	1.21201
57.5	1.21244
57.6	1.21521
57.7	1.21643
57.8	1.21391
57.9	1.21341
58	1.2221
58.1	1.224
58.2	1.22338
58.3	1.22412
58.4	1.22453
58.5	1.22814
58.6	1.23167
58.7	1.23097
58.8	1.2251
58.9	1.23068
59	1.23154
59.1	1.23145
59.2	1.22639
59.3	1.22559
59.4	1.22943
59.5	1.23545
59.6	1.23723
59.7	1.23753
59.8	1.23837
59.9	1.23589
60	1.2322
60.1	1.23226
60.2	1.22648
60.3	1.22451
60.4	1.2207
60.5	1.22876
60.6	1.23266
60.7	1.23208
60.8	1.23033
60.9	1.23476
61	1.23909
61.1	1.24753
61.2	1.23705
61.3	1.23534
61.4	1.23483
61.5	1.23251
61.6	1.23441
61.7	1.23223
61.8	1.22634
61.9	1.23564
62	1.23921
62.1	1.23855
62.2	1.24054
62.3	1.24277
62.4	1.24705
62.5	1.2554
62.6	1.24957
62.7	1.25099
62.8	1.25256
62.9	1.25056
63	1.25058
63.1	1.24512
63.2	1.23948
63.3	1.2425
63.4	1.23425
63.5	1.234
63.6	1.23068
63.7	1.22691
63.8	1.23073
63.9	1.22695
64	1.22058
64.1	1.22369
64.2	1.21611
64.3	1.21646
64.4	1.22039
64.5	1.21921
64.6	1.21869
64.7	1.22488
64.8	1.22744
64.9	1.23075
65	1.23521
65.1	1.23519
65.2	1.2317
65.3	1.23745
65.4	1.24052
65.5	1.23954
65.6	1.24714
65.7	1.24322
65.8	1.24915
65.9	1.24934
66	1.2403
66.1	1.22926
66.2	1.23753
66.3	1.23126
66.4	1.23271
66.5	1.22317
66.6	1.22424
66.7	1.22998
66.8	1.23635
66.9	1.23062
67	1.23091
67.1	1.22919
67.2	1.23161
67.3	1.22354
67.4	1.22038
67.5	1.21998
67.6	1.21795
67.7	1.21705
67.8	1.22028
67.9	1.22235
68	1.2303
68.1	1.22755
68.2	1.22747
68.3	1.22684
68.4	1.23681
68.5	1.23393
68.6	1.2309
68.7	1.22516
68.8	1.23565
68.9	1.23596
69	1.22958
69.1	1.21554
69.2	1.21556
69.3	1.21961
69.4	1.22078
69.5	1.21819
69.6	1.22663
69.7	1.23204
69.8	1.24081
69.9	1.24368
70	1.23665
70.1	1.23678
70.2	1.23603
70.3	1.22336
70.4	1.22424
70.5	1.22405
70.6	1.22423
70.7	1.22438
70.8	1.22281
70.9	1.22046
71	1.22405
71.1	1.22585
71.2	1.2245
71.3	1.22509
71.4	1.22572
71.5	1.22791
71.6	1.22873
71.7	1.23288
71.8	1.23334
71.9	1.23919
72	1.23834
72.1	1.23792
72.2	1.23779
72.3	1.23873
72.4	1.23776
72.5	1.23604
72.6	1.23802
72.7	1.23563
72.8	1.24176
72.9	1.24497
73	1.2451
73.1	1.24281
73.2	1.2412
73.3	1.23014
73.4	1.23259
73.5	1.23095
73.6	1.23903
73.7	1.23747
73.8	1.23783
73.9	1.23738
74	1.24472
74.1	1.24753
74.2	1.24335
74.3	1.23529
74.4	1.23526
74.5	1.2325
74.6	1.23963
74.7	1.23038
74.8	1.2231
74.9	1.22273
75	1.22275
75.1	1.22452
75.2	1.22725
75.3	1.22744
75.4	1.2338
75.5	1.23203
75.6	1.23855
75.7	1.23443
75.8	1.23574
75.9	1.23638
76	1.22864
76.1	1.22889
76.2	1.23342
76.3	1.22868
76.4	1.23134
76.5	1.23106
76.6	1.23497
76.7	1.23677
76.8	1.235
76.9	1.24247
77	1.23803
77.1	1.23541
77.2	1.23561
77.3	1.23164
77.4	1.2322
77.5	1.23927
77.6	1.23332
77.7	1.23865
77.8	1.24901
77.9	1.24722
78	1.24278
78.1	1.24795
78.2	1.2378
78.3	1.24124
78.4	1.23332
78.5	1.23146
78.6	1.2278
78.7	1.22809
78.8	1.23221
78.9	1.23569
79	1.23438
79.1	1.24198
79.2	1.23653
79.3	1.24015
79.4	1.24832
79.5	1.24273
79.6	1.2418
79.7	1.24255
79.8	1.23861
79.9	1.23942
80	1.2401
80.1	1.23442
80.2	1.23084
80.3	1.2357
80.4	1.23758
80.5	1.24504
80.6	1.24564
80.7	1.24868
80.8	1.25266
80.9	1.2418