t	x
0	1
0.1	1.0006
0.2	1.00125
0.3	1.00195
0.4	1.00269
0.5	1.00349
0.6	1.00434
0.7	1.00525
0.8	1.00622
0.9	1.00725
1	1.00834
1.1	1.00949
1.2	1.01072
1.3	1.01201
1.4	1.01338
1.5	1.01482
1.6	1.01633
1.7	1.01792
1.8	1.01959
1.9	1.02135
2	1.02318
2.1	1.0251
2.2	1.02711
2.3	1.02919
2.4	1.03136
2.5	1.03362
2.6	1.03595
2.7	1.03836
2.8	1.04085
2.9	1.04341
3	1.04603
3.1	1.04871
3.2	1.05144
3.3	1.05421
3.4	1.05701
3.5	1.05982
3.6	1.06264
3.7	1.06544
3.8	1.0682
3.9	1.07092
4	1.07356
4.1	1.07611
4.2	1.07854
4.3	1.08083
4.4	1.08296
4.5	1.08489
4.6	1.08661
4.7	1.0881
4.8	1.08932
4.9	1.09026
5	1.0909
5.1	1.09122
5.2	1.09121
5.3	1.09086
5.4	1.09017
5.5	1.08914
5.6	1.08776
5.7	1.08605
5.8	1.08402
5.9	1.08169
6	1.07908
6.1	1.07621
6.2	1.07312
6.3	1.06983
6.4	1.06638
6.5	1.06281
6.6	1.05916
6.7	1.05546
6.8	1.05175
6.9	1.04808
7	1.04447
7.1	1.04096
7.2	1.03759
7.3	1.03439
7.4	1.03138
7.5	1.02859
7.6	1.02605
7.7	1.02376
7.8	1.02175
7.9	1.02002
8	1.0186
8.1	1.01747
8.2	1.01665
8.3	1.01613
8.4	1.01591
8.5	1.01599
8.6	1.01636
8.7	1.017
8.8	1.01791
8.9	1.01906
9	1.02046
9.1	1.02206
9.2	1.02387
9.3	1.02586
9.4	1.02801
9.5	1.0303
9.6	1.03271
9.7	1.03522
9.8	1.03781
9.9	1.04046
10	1.04314
10.1	1.04585
10.2	1.04856
10.3	1.05125
10.4	1.0539
10.5	1.05651
10.6	1.05906
10.7	1.06154
10.8	1.06392
10.9	1.06622
11	1.06841
11.1	1.07049
11.2	1.07245
11.3	1.07429
11.4	1.07601
11.5	1.0776
11.6	1.07907
11.7	1.08041
11.8	1.08163
11.9	1.08272
12	1.0837
12.1	1.08456
12.2	1.08532
12.3	1.08597
12.4	1.08652
12.5	1.08698
12.6	1.08736
12.7	1.08766
12.8	1.08789
12.9	1.08805
13	1.08817
13.1	1.08823
13.2	1.08825
13.3	1.08825
13.4	1.08822
13.5	1.08817
13.6	1.08812
13.7	1.08807
13.8	1.08803
13.9	1.08801
14	1.08801
14.1	1.08805
14.2	1.08814
14.3	1.08828
14.4	1.08847
14.5	1.08874
14.6	1.08908
14.7	1.08951
14.8	1.09003
14.9	1.09065
15	1.09138
15.1	1.09223
15.2	1.0932
15.3	1.0943
15.4	1.09553
15.5	1.0969
15.6	1.09842
15.7	1.1001
15.8	1.10192
15.9	1.1039
16	1.10604
16.1	1.10834
16.2	1.1108
16.3	1.11342
16.4	1.11619
16.5	1.11912
16.6	1.1222
16.7	1.12542
16.8	1.12878
16.9	1.13227
17	1.13588
17.1	1.13959
17.2	1.1434
17.3	1.1473
17.4	1.15126
17.5	1.15528
17.6	1.15934
17.7	1.16342
17.8	1.1675
17.9	1.17156
18	1.17559
18.1	1.17957
18.2	1.18347
18.3	1.18728
18.4	1.19097
18.5	1.19454
18.6	1.19795
18.7	1.20119
18.8	1.20425
18.9	1.20711
19	1.20976
19.1	1.21217
19.2	1.21436
19.3	1.21629
19.4	1.21798
19.5	1.21941
19.6	1.22057
19.7	1.22148
19.8	1.22213
19.9	1.22252
20	1.22266
20.1	1.22256
20.2	1.22223
20.3	1.22167
20.4	1.2209
20.5	1.21994
20.6	1.2188
20.7	1.21749
20.8	1.21603
20.9	1.21444
21	1.21274
21.1	1.21094
21.2	1.20906
21.3	1.20712
21.4	1.20514
21.5	1.20313
21.6	1.20111
21.7	1.19909
21.8	1.19708
21.9	1.19511
22	1.19317
22.1	1.19128
22.2	1.18945
22.3	1.18769
22.4	1.186
22.5	1.18438
22.6	1.18283
22.7	1.18137
22.8	1.17997
22.9	1.17866
23	1.17741
23.1	1.17622
23.2	1.17509
23.3	1.17401
23.4	1.17297
23.5	1.17196
23.6	1.17097
23.7	1.16999
23.8	1.16899
23.9	1.16798
24	1.16694
24.1	1.16586
24.2	1.16472
24.3	1.1635
24.4	1.16221
24.5	1.16083
24.6	1.15934
24.7	1.15775
24.8	1.15604
24.9	1.1542
25	1.15224
25.1	1.15016
25.2	1.14794
25.3	1.14559
25.4	1.14313
25.5	1.14054
25.6	1.13784
25.7	1.13504
25.8	1.13215
25.9	1.12917
26	1.12614
26.1	1.12305
26.2	1.11992
26.3	1.11678
26.4	1.11363
26.5	1.1105
26.6	1.10741
26.7	1.10437
26.8	1.1014
26.9	1.09852
27	1.09574
27.1	1.09309
27.2	1.09058
27.3	1.08822
27.4	1.08604
27.5	1.08404
27.6	1.08223
27.7	1.08063
27.8	1.07925
27.9	1.07809
28	1.07716
28.1	1.07648
28.2	1.07603
28.3	1.07584
28.4	1.07589
28.5	1.07619
28.6	1.07674
28.7	1.07753
28.8	1.07856
28.9	1.07983
29	1.08133
29.1	1.08305
29.2	1.08499
29.3	1.08713
29.4	1.08946
29.5	1.09197
29.6	1.09464
29.7	1.09747
29.8	1.10044
29.9	1.10353
30	1.10672
30.1	1.11
30.2	1.11335
30.3	1.11675
30.4	1.12018
30.5	1.12363
30.6	1.12708
30.7	1.13051
30.8	1.1339
30.9	1.13724
31	1.14051
31.1	1.14369
31.2	1.14676
31.3	1.14973
31.4	1.15257
31.5	1.15527
31.6	1.15783
31.7	1.16023
31.8	1.16246
31.9	1.16454
32	1.16644
32.1	1.16817
32.2	1.16973
32.3	1.17112
32.4	1.17235
32.5	1.17341
32.6	1.17431
32.7	1.17506
32.8	1.17566
32.9	1.17613
33	1.17648
33.1	1.1767
33.2	1.17683
33.3	1.17685
33.4	1.17679
33.5	1.17666
33.6	1.17647
33.7	1.17623
33.8	1.17594
33.9	1.17563
34	1.1753
34.1	1.17496
34.2	1.17462
34.3	1.17429
34.4	1.17398
34.5	1.17368
34.6	1.17342
34.7	1.17319
34.8	1.173
34.9	1.17286
35	1.17277
35.1	1.17272
35.2	1.17273
35.3	1.17279
35.4	1.1729
35.5	1.17307
35.6	1.1733
35.7	1.17358
35.8	1.17391
35.9	1.17429
36	1.17472
36.1	1.1752
36.2	1.17572
36.3	1.17628
36.4	1.17688
36.5	1.17751
36.6	1.17818
36.7	1.17887
36.8	1.17959
36.9	1.18034
37	1.1811
37.1	1.18188
37.2	1.18267
37.3	1.18347
37.4	1.18428
37.5	1.1851
37.6	1.18592
37.7	1.18674
37.8	1.18756
37.9	1.18837
38	1.18919
38.1	1.18999
38.2	1.19079
38.3	1.19158
38.4	1.19235
38.5	1.19312
38.6	1.19387
38.7	1.1946
38.8	1.19532
38.9	1.19602
39	1.1967
39.1	1.19736
39.2	1.198
39.3	1.19861
39.4	1.1992
39.5	1.19976
39.6	1.2003
39.7	1.2008
39.8	1.20128
39.9	1.20172
40	1.20213
40.1	1.2025
40.2	1.20284
40.3	1.20313
40.4	1.20339
40.5	1.20361
40.6	1.20379
40.7	1.20393
40.8	1.20402
40.9	1.20407
41	1.20408
41.1	1.20405
41.2	1.20398
41.3	1.20387
41.4	1.20373
41.5	1.20354
41.6	1.20332
41.7	1.20307
41.8	1.20279
41.9	1.20248
42	1.20215
42.1	1.2018
42.2	1.20144
42.3	1.20106
42.4	1.20068
42.5	1.20029
42.6	1.19991
42.7	1.19953
42.8	1.19917
42.9	1.19882
43	1.19849
43.1	1.19818
43.2	1.19791
43.3	1.19767
43.4	1.19747
43.5	1.19732
43.6	1.19721
43.7	1.19715
43.8	1.19714
43.9	1.19719
44	1.1973
44.1	1.19746
44.2	1.19769
44.3	1.19798
44.4	1.19833
44.5	1.19875
44.6	1.19922
44.7	1.19976
44.8	1.20036
44.9	1.20101
45	1.20172
45.1	1.20247
45.2	1.20328
45.3	1.20413
45.4	1.20502
45.5	1.20594
45.6	1.2069
45.7	1.20788
45.8	1.20889
45.9	1.20991
46	1.21093
46.1	1.21197
46.2	1.213
46.3	1.21403
46.4	1.21505
46.5	1.21605
46.6	1.21703
46.7	1.21799
46.8	1.21891
46.9	1.21981
47	1.22067
47.1	1.22149
47.2	1.22227
47.3	1.223
47.4	1.22369
47.5	1.22434
47.6	1.22494
47.7	1.22549
47.8	1.22599
47.9	1.22645
48	1.22687
48.1	1.22724
48.2	1.22757
48.3	1.22786
48.4	1.22812
48.5	1.22834
48.6	1.22853
48.7	1.2287
48.8	1.22884
48.9	1.22895
49	1.22905
49.1	1.22914
49.2	1.22921
49.3	1.22927
49.4	1.22933
49.5	1.22938
49.6	1.22943
49.7	1.22948
49.8	1.22954
49.9	1.22959
50	1.22965
50.1	1.22972
50.2	1.22979
50.3	1.22986
50.4	1.22994
50.5	1.23002
50.6	1.23011
50.7	1.23019
50.8	1.23028
50.9	1.23036
51	1.23044
51.1	1.23051
51.2	1.23057
51.3	1.23062
51.4	1.23065
51.5	1.23066
51.6	1.23066
51.7	1.23062
51.8	1.23057
51.9	1.23048
52	1.23036
52.1	1.2302
52.2	1.23002
52.3	1.22979
52.4	1.22952
52.5	1.22922
52.6	1.22888
52.7	1.22849
52.8	1.22807
52.9	1.22761
53	1.22711
53.1	1.22658
53.2	1.22601
53.3	1.22541
53.4	1.22479
53.5	1.22414
53.6	1.22347
53.7	1.22278
53.8	1.22208
53.9	1.22137
54	1.22065
54.1	1.21994
54.2	1.21923
54.3	1.21854
54.4	1.21786
54.5	1.2172
54.6	1.21656
54.7	1.21596
54.8	1.21539
54.9	1.21486
55	1.21437
55.1	1.21393
55.2	1.21354
55.3	1.2132
55.4	1.21292
55.5	1.21269
55.6	1.21253
55.7	1.21243
55.8	1.21239
55.9	1.21241
56	1.21249
56.1	1.21264
56.2	1.21285
56.3	1.21312
56.4	1.21345
56.5	1.21383
56.6	1.21427
56.7	1.21476
56.8	1.2153
56.9	1.21589
57	1.21651
57.1	1.21718
57.2	1.21787
57.3	1.2186
57.4	1.21935
57.5	1.22012
57.6	1.22091
57.7	1.2217
57.8	1.22251
57.9	1.22331
58	1.22411
58.1	1.22491
58.2	1.2257
58.3	1.22647
58.4	1.22722
58.5	1.22795
58.6	1.22866
58.7	1.22934
58.8	1.22999
58.9	1.23061
59	1.2312
59.1	1.23176
59.2	1.23227
59.3	1.23276
59.4	1.2332
59.5	1.23362
59.6	1.23399
59.7	1.23433
59.8	1.23464
59.9	1.23491
60	1.23516
60.1	1.23537
60.2	1.23556
60.3	1.23572
60.4	1.23586
60.5	1.23597
60.6	1.23607
60.7	1.23615
60.8	1.23621
60.9	1.23627
61	1.23631
61.1	1.23635
61.2	1.23638
61.3	1.2364
61.4	1.23643
61.5	1.23645
61.6	1.23648
61.7	1.2365
61.8	1.23654
61.9	1.23657
62	1.23661
62.1	1.23666
62.2	1.23672
62.3	1.23678
62.4	1.23685
62.5	1.23693
62.6	1.23701
62.7	1.2371
62.8	1.2372
62.9	1.23731
63	1.23742
63.1	1.23753
63.2	1.23765
63.3	1.23778
63.4	1.2379
63.5	1.23803
63.6	1.23816
63.7	1.23829
63.8	1.23843
63.9	1.23856
64	1.23868
64.1	1.23881
64.2	1.23894
64.3	1.23906
64.4	1.23918
64.5	1.23929
64.6	1.2394
64.7	1.23951
64.8	1.23962
64.9	1.23972
65	1.23981
65.1	1.23991
65.2	1.24
65.3	1.24009
65.4	1.24017
65.5	1.24025
65.6	1.24033
65.7	1.24041
65.8	1.24049
65.9	1.24057
66	1.24065
66.1	1.24073
66.2	1.24081
66.3	1.24088
66.4	1.24096
66.5	1.24104
66.6	1.24113
66.7	1.24121
66.8	1.24129
66.9	1.24137
67	1.24146
67.1	1.24154
67.2	1.24162
67.3	1.2417
67.4	1.24178
67.5	1.24186
67.6	1.24194
67.7	1.24201
67.8	1.24208
67.9	1.24214
68	1.2422
68.1	1.24225
68.2	1.2423
68.3	1.24233
68.4	1.24236
68.5	1.24238
68.6	1.24238
68.7	1.24238
68.8	1.24237
68.9	1.24234
69	1.24231
69.1	1.24226
69.2	1.2422
69.3	1.24212
69.4	1.24204
69.5	1.24194
69.6	1.24183
69.7	1.24171
69.8	1.24158
69.9	1.24144
70	1.24129
70.1	1.24113
70.2	1.24097
70.3	1.24079
70.4	1.24061
70.5	1.24043
70.6	1.24025
70.7	1.24006
70.8	1.23987
70.9	1.23968
71	1.23949
71.1	1.23931
71.2	1.23913
71.3	1.23896
71.4	1.23879
71.5	1.23863
71.6	1.23848
71.7	1.23834
71.8	1.23822
71.9	1.2381
72	1.23799
72.1	1.2379
72.2	1.23783
72.3	1.23776
72.4	1.23772
72.5	1.23768
72.6	1.23767
72.7	1.23766
72.8	1.23768
72.9	1.2377
73	1.23775
73.1	1.2378
73.2	1.23787
73.3	1.23796
73.4	1.23806
73.5	1.23817
73.6	1.23829
73.7	1.23842
73.8	1.23856
73.9	1.23872
74	1.23888
74.1	1.23905
74.2	1.23923
74.3	1.23941
74.4	1.2396
74.5	1.23979
74.6	1.23999
74.7	1.2402
74.8	1.2404
74.9	1.24061
75	1.24082
75.1	1.24103
75.2	1.24124
75.3	1.24146
75.4	1.24167
75.5	1.24189
75.6	1.2421
75.7	1.24231
75.8	1.24253
75.9	1.24274
76	1.24295
76.1	1.24316
76.2	1.24337
76.3	1.24358
76.4	1.24379
76.5	1.244
76.6	1.24421
76.7	1.24441
76.8	1.24462
76.9	1.24482
77	1.24502
77.1	1.24522
77.2	1.24542
77.3	1.24561
77.4	1.24581
77.5	1.246
77.6	1.24619
77.7	1.24637
77.8	1.24656
77.9	1.24673
78	1.24691
78.1	1.24708
78.2	1.24725
78.3	1.24741
78.4	1.24756
78.5	1.24771
78.6	1.24786
78.7	1.24799
78.8	1.24812
78.9	1.24825
79	1.24836
79.1	1.24847
79.2	1.24858
79.3	1.24867
79.4	1.24876
79.5	1.24884
79.6	1.24891
79.7	1.24898
79.8	1.24904
79.9	1.24909
80	1.24913
80.1	1.24917
80.2	1.2492
80.3	1.24923
80.4	1.24925
80.5	1.24926
80.6	1.24927
80.7	1.24928
80.8	1.24928
80.9	1.24928