t	x
0	1
0.2	1.00114
0.4	1.00246
0.6	1.00398
0.8	1.0057
1	1.00764
1.2	1.00983
1.4	1.01228
1.6	1.01501
1.8	1.01804
2	1.02138
2.2	1.02505
2.4	1.02905
2.6	1.03339
2.8	1.03805
3	1.043
3.2	1.04821
3.4	1.05361
3.6	1.05913
3.8	1.06465
4	1.07005
4.2	1.07517
4.4	1.07983
4.6	1.08387
4.8	1.0871
5	1.08936
5.2	1.0905
5.4	1.09044
5.6	1.08913
5.8	1.08661
6	1.08294
6.2	1.0783
6.4	1.07286
6.6	1.06688
6.8	1.0606
7	1.05429
7.2	1.04819
7.4	1.04253
7.6	1.03749
7.8	1.03322
8	1.02982
8.2	1.02734
8.4	1.02579
8.6	1.02517
8.8	1.02541
9	1.02644
9.2	1.02817
9.4	1.03047
9.6	1.03325
9.8	1.03639
10	1.03977
10.2	1.04329
10.4	1.04685
10.6	1.05037
10.8	1.05379
11	1.05704
11.2	1.0601
11.4	1.06292
11.6	1.06549
11.8	1.06781
12	1.06987
12.2	1.07168
12.4	1.07326
12.6	1.07463
12.8	1.0758
13	1.07682
13.2	1.07771
13.4	1.07851
13.6	1.07928
13.8	1.08006
14	1.08092
14.2	1.08191
14.4	1.0831
14.6	1.08458
14.8	1.08641
15	1.08867
15.2	1.09142
15.4	1.09474
15.6	1.09869
15.8	1.1033
16	1.10862
16.2	1.11465
16.4	1.12138
16.6	1.12879
16.8	1.13682
17	1.14538
17.2	1.15437
17.4	1.16366
17.6	1.17309
17.8	1.18248
18	1.19165
18.2	1.20039
18.4	1.20851
18.6	1.21581
18.8	1.22214
19	1.22733
19.2	1.23128
19.4	1.23392
19.6	1.2352
19.8	1.23515
20	1.23383
20.2	1.23133
20.4	1.22778
20.6	1.22334
20.8	1.2182
21	1.21254
21.2	1.20655
21.4	1.20043
21.6	1.19433
21.8	1.18844
22	1.18286
22.2	1.17773
22.4	1.17312
22.6	1.16908
22.8	1.16564
23	1.16279
23.2	1.16052
23.4	1.15875
23.6	1.15741
23.8	1.15641
24	1.15563
24.2	1.15496
24.4	1.15427
24.6	1.15345
24.8	1.15238
25	1.15097
25.2	1.14915
25.4	1.14686
25.6	1.1441
25.8	1.14086
26	1.13718
26.2	1.13313
26.4	1.12879
26.6	1.12427
26.8	1.11969
27	1.11516
27.2	1.11081
27.4	1.10677
27.6	1.10314
27.8	1.10003
28	1.09753
28.2	1.0957
28.4	1.09459
28.6	1.09424
28.8	1.09466
29	1.09585
29.2	1.09777
29.4	1.10039
29.6	1.10366
29.8	1.1075
30	1.11184
30.2	1.11657
30.4	1.12162
30.6	1.12687
30.8	1.13222
31	1.13759
31.2	1.14287
31.4	1.14797
31.6	1.15283
31.8	1.15737
32	1.16155
32.2	1.16531
32.4	1.16864
32.6	1.17151
32.8	1.17393
33	1.1759
33.2	1.17743
33.4	1.17855
33.6	1.17928
33.8	1.17965
34	1.1797
34.2	1.17945
34.4	1.17895
34.6	1.17822
34.8	1.17731
35	1.17624
35.2	1.17505
35.4	1.17377
35.6	1.17244
35.8	1.1711
36	1.16978
36.2	1.16852
36.4	1.16736
36.6	1.16633
36.8	1.16548
37	1.16483
37.2	1.16442
37.4	1.16428
37.6	1.16443
37.8	1.1649
38	1.1657
38.2	1.16683
38.4	1.16829
38.6	1.17006
38.8	1.17214
39	1.17448
39.2	1.17706
39.4	1.17982
39.6	1.18273
39.8	1.18571
40	1.18873
40.2	1.19172
40.4	1.19461
40.6	1.19736
40.8	1.19992
41	1.20224
41.2	1.20429
41.4	1.20605
41.6	1.2075
41.8	1.20864
42	1.20949
42.2	1.21005
42.4	1.21037
42.6	1.21047
42.8	1.2104
43	1.2102
43.2	1.20992
43.4	1.20961
43.6	1.2093
43.8	1.20903
44	1.20884
44.2	1.20875
44.4	1.20877
44.6	1.2089
44.8	1.20915
45	1.2095
45.2	1.20993
45.4	1.21042
45.6	1.21094
45.8	1.21145
46	1.21191
46.2	1.2123
46.4	1.21258
46.6	1.21272
46.8	1.21271
47	1.21252
47.2	1.21215
47.4	1.21161
47.6	1.2109
47.8	1.21004
48	1.20906
48.2	1.20799
48.4	1.20687
48.6	1.20573
48.8	1.20462
49	1.20358
49.2	1.20264
49.4	1.20183
49.6	1.2012
49.8	1.20075
50	1.20051
50.2	1.20049
50.4	1.20068
50.6	1.20109
50.8	1.20169
51	1.20247
51.2	1.20341
51.4	1.20448
51.6	1.20564
51.8	1.20686
52	1.20812
52.2	1.20937
52.4	1.21059
52.6	1.21174
52.8	1.21281
53	1.21377
53.2	1.21462
53.4	1.21534
53.6	1.21593
53.8	1.21638
54	1.21672
54.2	1.21693
54.4	1.21705
54.6	1.21707
54.8	1.21702
55	1.21691
55.2	1.21676
55.4	1.21657
55.6	1.21637
55.8	1.21615
56	1.21593
56.2	1.21572
56.4	1.21552
56.6	1.21532
56.8	1.21514
57	1.21497
57.2	1.21481
57.4	1.21466
57.6	1.21453
57.8	1.21441
58	1.2143
58.2	1.21421
58.4	1.21415
58.6	1.21411
58.8	1.21411
59	1.21416
59.2	1.21426
59.4	1.21441
59.6	1.21463
59.8	1.21492
60	1.21529
60.2	1.21572
60.4	1.21624
60.6	1.21682
60.8	1.21746
61	1.21815
61.2	1.21889
61.4	1.21965
61.6	1.22043
61.8	1.22119
62	1.22194
62.2	1.22263
62.4	1.22328
62.6	1.22384
62.8	1.22432
63	1.22471
63.2	1.22499
63.4	1.22517
63.6	1.22524
63.8	1.22522
64	1.2251
64.2	1.22491
64.4	1.22466
64.6	1.22436
64.8	1.22404
65	1.22372
65.2	1.2234
65.4	1.22313
65.6	1.2229
65.8	1.22274
66	1.22267
66.2	1.22268
66.4	1.2228
66.6	1.22301
66.8	1.22333
67	1.22374
67.2	1.22425
67.4	1.22483
67.6	1.22548
67.8	1.22619
68	1.22693
68.2	1.2277
68.4	1.22847
68.6	1.22924
68.8	1.22997
69	1.23067
69.2	1.23133
69.4	1.23192
69.6	1.23245
69.8	1.23291
70	1.23331
70.2	1.23363
70.4	1.23389
70.6	1.23408
70.8	1.23421
71	1.2343
71.2	1.23434
71.4	1.23434
71.6	1.23431
71.8	1.23425
72	1.23418
72.2	1.23409
72.4	1.234
72.6	1.2339
72.8	1.23379
73	1.23368
73.2	1.23356
73.4	1.23345
73.6	1.23333
73.8	1.23321
74	1.23309
74.2	1.23296
74.4	1.23284
74.6	1.23272
74.8	1.2326
75	1.23248
75.2	1.23237
75.4	1.23227
75.6	1.23219
75.8	1.23212
76	1.23207
76.2	1.23205
76.4	1.23205
76.6	1.23208
76.8	1.23214
77	1.23222
77.2	1.23234
77.4	1.23248
77.6	1.23264
77.8	1.23282
78	1.23302
78.2	1.23324
78.4	1.23346
78.6	1.23368
78.8	1.2339
79	1.23412
79.2	1.23433
79.4	1.23453
79.6	1.23472
79.8	1.23489
80	1.23504