t	x
0	1
0.2	0.99983
0.4	0.99964
0.6	0.99941
0.8	0.99915
1	0.99885
1.2	0.99851
1.4	0.99812
1.6	0.99768
1.8	0.99718
2	0.9966
2.2	0.99596
2.4	0.99523
2.6	0.9944
2.8	0.99348
3	0.99244
3.2	0.99128
3.4	0.99
3.6	0.98858
3.8	0.98702
4	0.98533
4.2	0.98349
4.4	0.98152
4.6	0.97943
4.8	0.97723
5	0.97494
5.2	0.97259
5.4	0.97019
5.6	0.96779
5.8	0.9654
6	0.96308
6.2	0.96086
6.4	0.95877
6.6	0.95684
6.8	0.95512
7	0.95363
7.2	0.9524
7.4	0.95147
7.6	0.95084
7.8	0.95053
8	0.95057
8.2	0.95096
8.4	0.9517
8.6	0.95279
8.8	0.95424
9	0.95604
9.2	0.95818
9.4	0.96064
9.6	0.96342
9.8	0.96649
10	0.96984
10.2	0.97344
10.4	0.97727
10.6	0.98131
10.8	0.98553
11	0.98991
11.2	0.99441
11.4	0.99902
11.6	1.00369
11.8	1.00841
12	1.01314
12.2	1.01787
12.4	1.02256
12.6	1.02718
12.8	1.03172
13	1.03614
13.2	1.04043
13.4	1.04457
13.6	1.04853
13.8	1.05229
14	1.05585
14.2	1.05919
14.4	1.06229
14.6	1.06514
14.8	1.06774
15	1.07008
15.2	1.07215
15.4	1.07395
15.6	1.07549
15.8	1.07675
16	1.07775
16.2	1.07848
16.4	1.07896
16.6	1.07918
16.8	1.07916
17	1.07891
17.2	1.07844
17.4	1.07775
17.6	1.07686
17.8	1.07579
18	1.07454
18.2	1.07312
18.4	1.07156
18.6	1.06987
18.8	1.06806
19	1.06614
19.2	1.06412
19.4	1.06203
19.6	1.05987
19.8	1.05766
20	1.05541
20.2	1.05313
20.4	1.05083
20.6	1.04853
20.8	1.04623
21	1.04395
21.2	1.04168
21.4	1.03945
21.6	1.03726
21.8	1.03512
22	1.03303
22.2	1.03099
22.4	1.02903
22.6	1.02713
22.8	1.02531
23	1.02356
23.2	1.02189
23.4	1.02031
23.6	1.01882
23.8	1.01741
24	1.01609
24.2	1.01487
24.4	1.01373
24.6	1.01269
24.8	1.01174
25	1.01089
25.2	1.01012
25.4	1.00945
25.6	1.00887
25.8	1.00838
26	1.00797
26.2	1.00766
26.4	1.00743
26.6	1.00729
26.8	1.00724
27	1.00726
27.2	1.00737
27.4	1.00755
27.6	1.00782
27.8	1.00816
28	1.00857
28.2	1.00905
28.4	1.00961
28.6	1.01023
28.8	1.01091
29	1.01166
29.2	1.01247
29.4	1.01334
29.6	1.01426
29.8	1.01523
30	1.01626
30.2	1.01733
30.4	1.01845
30.6	1.01961
30.8	1.02081
31	1.02205
31.2	1.02332
31.4	1.02462
31.6	1.02594
31.8	1.02729
32	1.02866
32.2	1.03004
32.4	1.03144
32.6	1.03285
32.8	1.03426
33	1.03568
33.2	1.0371
33.4	1.03851
33.6	1.03991
33.8	1.0413
34	1.04268
34.2	1.04404
34.4	1.04538
34.6	1.04669
34.8	1.04798
35	1.04924
35.2	1.05046
35.4	1.05165
35.6	1.0528
35.8	1.05391
36	1.05497
36.2	1.05599
36.4	1.05697
36.6	1.05789
36.8	1.05877
37	1.0596
37.2	1.06037
37.4	1.06109
37.6	1.06176
37.8	1.06238
38	1.06294
38.2	1.06345
38.4	1.06391
38.6	1.06432
38.8	1.06467
39	1.06497
39.2	1.06523
39.4	1.06544
39.6	1.0656
39.8	1.06572
40	1.06579
40.2	1.06583
40.4	1.06582
40.6	1.06578
40.8	1.0657
41	1.0656
41.2	1.06546
41.4	1.0653
41.6	1.06511
41.8	1.0649
42	1.06466
42.2	1.06442
42.4	1.06415
42.6	1.06388
42.8	1.06359
43	1.0633
43.2	1.063
43.4	1.0627
43.6	1.0624
43.8	1.06209
44	1.0618
44.2	1.0615
44.4	1.06122
44.6	1.06094
44.8	1.06067
45	1.06042
45.2	1.06018
45.4	1.05995
45.6	1.05974
45.8	1.05954
46	1.05937
46.2	1.05921
46.4	1.05907
46.6	1.05895
46.8	1.05886
47	1.05878
47.2	1.05873
47.4	1.0587
47.6	1.05869
47.8	1.05871
48	1.05875
48.2	1.05881
48.4	1.0589
48.6	1.059
48.8	1.05913
49	1.05929
49.2	1.05946
49.4	1.05966
49.6	1.05988
49.8	1.06011
50	1.06037
50.2	1.06065
50.4	1.06095
50.6	1.06127
50.8	1.0616
51	1.06196
51.2	1.06232
51.4	1.06271
51.6	1.06311
51.8	1.06352
52	1.06394
52.2	1.06438
52.4	1.06483
52.6	1.06529
52.8	1.06576
53	1.06624
53.2	1.06672
53.4	1.06721
53.6	1.06771
53.8	1.0682
54	1.06871
54.2	1.06921
54.4	1.06972
54.6	1.07022
54.8	1.07073
55	1.07123
55.2	1.07173
55.4	1.07222
55.6	1.07271
55.8	1.07319
56	1.07367
56.2	1.07413
56.4	1.07459
56.6	1.07504
56.8	1.07548
57	1.0759
57.2	1.07632
57.4	1.07672
57.6	1.07711
57.8	1.07748
58	1.07784
58.2	1.07819
58.4	1.07852
58.6	1.07883
58.8	1.07913
59	1.07941
59.2	1.07968
59.4	1.07993
59.6	1.08016
59.8	1.08038
60	1.08058
60.2	1.08077
60.4	1.08094
60.6	1.0811
60.8	1.08124
61	1.08137
61.2	1.08148
61.4	1.08158
61.6	1.08167
61.8	1.08175
62	1.08181
62.2	1.08187
62.4	1.08191
62.6	1.08195
62.8	1.08198
63	1.08201
63.2	1.08202
63.4	1.08204
63.6	1.08205
63.8	1.08205
64	1.08205
64.2	1.08206
64.4	1.08206
64.6	1.08206
64.8	1.08206
65	1.08207
65.2	1.08207
65.4	1.08209
65.6	1.0821
65.8	1.08212
66	1.08215
66.2	1.08218
66.4	1.08222
66.6	1.08226
66.8	1.08232
67	1.08238
67.2	1.08245
67.4	1.08253
67.6	1.08261
67.8	1.08271
68	1.08282
68.2	1.08293
68.4	1.08305
68.6	1.08319
68.8	1.08333
69	1.08348
69.2	1.08364
69.4	1.08381
69.6	1.08398
69.8	1.08417
70	1.08436
70.2	1.08456
70.4	1.08476
70.6	1.08497
70.8	1.08519
71	1.08541
71.2	1.08564
71.4	1.08587
71.6	1.0861
71.8	1.08634
72	1.08657
72.2	1.08681
72.4	1.08706
72.6	1.0873
72.8	1.08754
73	1.08778
73.2	1.08802
73.4	1.08825
73.6	1.08849
73.8	1.08872
74	1.08894
74.2	1.08916
74.4	1.08938
74.6	1.08959
74.8	1.0898
75	1.09
75.2	1.09019
75.4	1.09037
75.6	1.09055
75.8	1.09072
76	1.09088
76.2	1.09103
76.4	1.09117
76.6	1.09131
76.8	1.09143
77	1.09155
77.2	1.09165
77.4	1.09175
77.6	1.09183
77.8	1.09191
78	1.09197
78.2	1.09203
78.4	1.09207
78.6	1.0921
78.8	1.09213
79	1.09214
79.2	1.09215
79.4	1.09214
79.6	1.09212
79.8	1.0921
80	1.09206
80.2	1.09202
80.4	1.09197
80.6	1.09191
80.8	1.09184
81	1.09176
81.2	1.09167
81.4	1.09158
81.6	1.09148
81.8	1.09137
82	1.09126
82.2	1.09114
82.4	1.09102
82.6	1.09088
82.8	1.09075
83	1.09061
83.2	1.09046
83.4	1.09032
83.6	1.09016
83.8	1.09001
84	1.08985
84.2	1.08969
84.4	1.08953
84.6	1.08937
84.8	1.08921
85	1.08905
85.2	1.08888
85.4	1.08872
85.6	1.08856
85.8	1.0884
86	1.08824
86.2	1.08809
86.4	1.08793
86.6	1.08778
86.8	1.08764
87	1.08749
87.2	1.08735
87.4	1.08722
87.6	1.08709
87.8	1.08696
88	1.08684
88.2	1.08673
88.4	1.08662
88.6	1.08652
88.8	1.08642
89	1.08633
89.2	1.08625
89.4	1.08618
89.6	1.08611
89.8	1.08605
90	1.08599
90.2	1.08594
90.4	1.0859
90.6	1.08587
90.8	1.08585
91	1.08583
91.2	1.08582
91.4	1.08582
91.6	1.08582
91.8	1.08583
92	1.08585
92.2	1.08588
92.4	1.08591
92.6	1.08595
92.8	1.08599
93	1.08604
93.2	1.0861
93.4	1.08616
93.6	1.08623
93.8	1.08631
94	1.08639
94.2	1.08647
94.4	1.08656
94.6	1.08665
94.8	1.08675
95	1.08685
95.2	1.08695
95.4	1.08706
95.6	1.08717
95.8	1.08728
96	1.08739
96.2	1.08751
96.4	1.08762
96.6	1.08774
96.8	1.08786
97	1.08798
97.2	1.08809
97.4	1.08821
97.6	1.08833
97.8	1.08845
98	1.08856
98.2	1.08868
98.4	1.08879
98.6	1.0889
98.8	1.08901
99	1.08912
99.2	1.08922
99.4	1.08933
99.6	1.08942
99.8	1.08952