t	x
0	1
0.2	1.00012
0.4	1.00027
0.6	1.00044
0.8	1.00064
1	1.00086
1.2	1.00112
1.4	1.00142
1.6	1.00177
1.8	1.00217
2	1.00262
2.2	1.00314
2.4	1.00374
2.6	1.00442
2.8	1.0052
3	1.00609
3.2	1.0071
3.4	1.00825
3.6	1.00956
3.8	1.01102
4	1.01267
4.2	1.01451
4.4	1.01656
4.6	1.01882
4.8	1.0213
5	1.02402
5.2	1.02696
5.4	1.03013
5.6	1.03352
5.8	1.03713
6	1.04095
6.2	1.04496
6.4	1.04915
6.6	1.05349
6.8	1.05798
7	1.06259
7.2	1.06729
7.4	1.07208
7.6	1.07691
7.8	1.08178
8	1.08666
8.2	1.09153
8.4	1.09637
8.6	1.10117
8.8	1.10589
9	1.11053
9.2	1.11507
9.4	1.1195
9.6	1.12379
9.8	1.12794
10	1.13193
10.2	1.13576
10.4	1.1394
10.6	1.14285
10.8	1.14611
11	1.14916
11.2	1.15199
11.4	1.15461
11.6	1.15699
11.8	1.15915
12	1.16107
12.2	1.16275
12.4	1.1642
12.6	1.1654
12.8	1.16636
13	1.16707
13.2	1.16755
13.4	1.16779
13.6	1.1678
13.8	1.16757
14	1.16712
14.2	1.16645
14.4	1.16557
14.6	1.16448
14.8	1.16319
15	1.16171
15.2	1.16005
15.4	1.15821
15.6	1.15622
15.8	1.15407
16	1.15177
16.2	1.14935
16.4	1.14681
16.6	1.14415
16.8	1.1414
17	1.13855
17.2	1.13564
17.4	1.13265
17.6	1.12961
17.8	1.12652
18	1.1234
18.2	1.12026
18.4	1.1171
18.6	1.11394
18.8	1.11078
19	1.10763
19.2	1.10451
19.4	1.10142
19.6	1.09836
19.8	1.09535
20	1.0924
20.2	1.0895
20.4	1.08666
20.6	1.0839
20.8	1.08121
21	1.0786
21.2	1.07608
21.4	1.07365
21.6	1.07131
21.8	1.06907
22	1.06693
22.2	1.06489
22.4	1.06295
22.6	1.06112
22.8	1.0594
23	1.05778
23.2	1.05628
23.4	1.05489
23.6	1.05361
23.8	1.05244
24	1.05138
24.2	1.05043
24.4	1.04959
24.6	1.04886
24.8	1.04824
25	1.04773
25.2	1.04732
25.4	1.04702
25.6	1.04682
25.8	1.04672
26	1.04672
26.2	1.04681
26.4	1.04699
26.6	1.04727
26.8	1.04763
27	1.04808
27.2	1.04861
27.4	1.04922
27.6	1.0499
27.8	1.05066
28	1.05148
28.2	1.05238
28.4	1.05333
28.6	1.05434
28.8	1.0554
29	1.05652
29.2	1.05768
29.4	1.05889
29.6	1.06013
29.8	1.06142
30	1.06273
30.2	1.06407
30.4	1.06544
30.6	1.06683
30.8	1.06823
31	1.06965
31.2	1.07107
31.4	1.07251
31.6	1.07394
31.8	1.07538
32	1.07681
32.2	1.07823
32.4	1.07964
32.6	1.08104
32.8	1.08242
33	1.08378
33.2	1.08512
33.4	1.08643
33.6	1.08772
33.8	1.08898
34	1.0902
34.2	1.09139
34.4	1.09254
34.6	1.09366
34.8	1.09474
35	1.09578
35.2	1.09677
35.4	1.09772
35.6	1.09863
35.8	1.0995
36	1.10032
36.2	1.10109
36.4	1.10182
36.6	1.1025
36.8	1.10314
37	1.10374
37.2	1.10428
37.4	1.10479
37.6	1.10525
37.8	1.10566
38	1.10604
38.2	1.10637
38.4	1.10666
38.6	1.10692
38.8	1.10714
39	1.10732
39.2	1.10747
39.4	1.10758
39.6	1.10766
39.8	1.10772
40	1.10774
40.2	1.10774
40.4	1.10772
40.6	1.10767
40.8	1.1076
41	1.10752
41.2	1.10741
41.4	1.1073
41.6	1.10717
41.8	1.10702
42	1.10687
42.2	1.10671
42.4	1.10655
42.6	1.10638
42.8	1.1062
43	1.10603
43.2	1.10586
43.4	1.10569
43.6	1.10552
43.8	1.10536
44	1.1052
44.2	1.10505
44.4	1.10491
44.6	1.10478
44.8	1.10466
45	1.10455
45.2	1.10445
45.4	1.10437
45.6	1.1043
45.8	1.10424
46	1.1042
46.2	1.10418
46.4	1.10417
46.6	1.10418
46.8	1.1042
47	1.10424
47.2	1.1043
47.4	1.10437
47.6	1.10447
47.8	1.10457
48	1.1047
48.2	1.10484
48.4	1.105
48.6	1.10517
48.8	1.10536
49	1.10556
49.2	1.10578
49.4	1.10601
49.6	1.10626
49.8	1.10651
50	1.10678
50.2	1.10707
50.4	1.10736
50.6	1.10766
50.8	1.10797
51	1.10829
51.2	1.10862
51.4	1.10895
51.6	1.10929
51.8	1.10964
52	1.10999
52.2	1.11034
52.4	1.1107
52.6	1.11106
52.8	1.11142
53	1.11178
53.2	1.11213
53.4	1.11249
53.6	1.11285
53.8	1.1132
54	1.11355
54.2	1.1139
54.4	1.11424
54.6	1.11458
54.8	1.11491
55	1.11523
55.2	1.11555
55.4	1.11586
55.6	1.11616
55.8	1.11645
56	1.11674
56.2	1.11701
56.4	1.11728
56.6	1.11754
56.8	1.11778
57	1.11802
57.2	1.11825
57.4	1.11846
57.6	1.11867
57.8	1.11886
58	1.11905
58.2	1.11922
58.4	1.11938
58.6	1.11954
58.8	1.11968
59	1.11982
59.2	1.11994
59.4	1.12005
59.6	1.12016
59.8	1.12025
60	1.12034
60.2	1.12042
60.4	1.12049
60.6	1.12055
60.8	1.12061
61	1.12066
61.2	1.1207
61.4	1.12074
61.6	1.12077
61.8	1.12079
62	1.12081
62.2	1.12083
62.4	1.12084
62.6	1.12085
62.8	1.12086
63	1.12086
63.2	1.12086
63.4	1.12086
63.6	1.12086
63.8	1.12085
64	1.12085
64.2	1.12085
64.4	1.12084
64.6	1.12084
64.8	1.12084
65	1.12084
65.2	1.12084
65.4	1.12084
65.6	1.12085
65.8	1.12086
66	1.12087
66.2	1.12088
66.4	1.1209
66.6	1.12092
66.8	1.12094
67	1.12097
67.2	1.121
67.4	1.12104
67.6	1.12108
67.8	1.12112
68	1.12116
68.2	1.12122
68.4	1.12127
68.6	1.12133
68.8	1.12139
69	1.12146
69.2	1.12153
69.4	1.1216
69.6	1.12168
69.8	1.12176
70	1.12184
70.2	1.12193
70.4	1.12202
70.6	1.12211
70.8	1.1222
71	1.1223
71.2	1.1224
71.4	1.1225
71.6	1.1226
71.8	1.12271
72	1.12281
72.2	1.12292
72.4	1.12302
72.6	1.12313
72.8	1.12324
73	1.12334
73.2	1.12345
73.4	1.12356
73.6	1.12366
73.8	1.12376
74	1.12386
74.2	1.12396
74.4	1.12406
74.6	1.12416
74.8	1.12425
75	1.12434
75.2	1.12443
75.4	1.12451
75.6	1.12459
75.8	1.12467
76	1.12474
76.2	1.12481
76.4	1.12488
76.6	1.12494
76.8	1.125
77	1.12505
77.2	1.1251
77.4	1.12515
77.6	1.12519
77.8	1.12523
78	1.12526
78.2	1.12528
78.4	1.12531
78.6	1.12532
78.8	1.12534
79	1.12534
79.2	1.12535
79.4	1.12535
79.6	1.12534
79.8	1.12533
80	1.12532
80.2	1.1253
80.4	1.12528
80.6	1.12525
80.8	1.12522
81	1.12519
81.2	1.12515
81.4	1.12511
81.6	1.12507
81.8	1.12502
82	1.12497
82.2	1.12492
82.4	1.12487
82.6	1.12481
82.8	1.12475
83	1.12469
83.2	1.12463
83.4	1.12456
83.6	1.1245
83.8	1.12443
84	1.12436
84.2	1.12429
84.4	1.12422
84.6	1.12415
84.8	1.12408
85	1.12402
85.2	1.12395
85.4	1.12388
85.6	1.12381
85.8	1.12374
86	1.12367
86.2	1.12361
86.4	1.12354
86.6	1.12348
86.8	1.12341
87	1.12335
87.2	1.12329
87.4	1.12324
87.6	1.12318
87.8	1.12313
88	1.12307
88.2	1.12303
88.4	1.12298
88.6	1.12293
88.8	1.12289
89	1.12285
89.2	1.12281
89.4	1.12278
89.6	1.12275
89.8	1.12271
90	1.12269
90.2	1.12266
90.4	1.12264
90.6	1.12262
90.8	1.1226
91	1.12259
91.2	1.12257
91.4	1.12256
91.6	1.12255
91.8	1.12255
92	1.12254
92.2	1.12254
92.4	1.12254
92.6	1.12255
92.8	1.12255
93	1.12256
93.2	1.12256
93.4	1.12257
93.6	1.12259
93.8	1.1226
94	1.12261
94.2	1.12263
94.4	1.12264
94.6	1.12266
94.8	1.12268
95	1.1227
95.2	1.12272
95.4	1.12274
95.6	1.12276
95.8	1.12278
96	1.1228
96.2	1.12282
96.4	1.12285
96.6	1.12287
96.8	1.12289
97	1.12291
97.2	1.12293
97.4	1.12295
97.6	1.12297
97.8	1.12299
98	1.12301
98.2	1.12303
98.4	1.12305
98.6	1.12307
98.8	1.12308
99	1.1231
99.2	1.12311
99.4	1.12312
99.6	1.12314
99.8	1.12315
100	1.12316