t	x
0	1
0.2	0.99866
0.4	0.99631
0.6	0.99464
0.8	0.99095
1	0.99028
1.2	0.99296
1.4	0.99095
1.6	0.99162
1.8	0.99128
2	0.99028
2.2	0.9886
2.4	0.98491
2.6	0.98759
2.8	0.98592
3	0.98491
3.2	0.98457
3.4	0.98524
3.6	0.98256
3.8	0.98022
4	0.97653
4.2	0.98021
4.4	0.9782
4.6	0.97652
4.8	0.9725
5	0.97619
5.2	0.97284
5.4	0.96915
5.6	0.96177
5.8	0.96579
6	0.96311
6.2	0.96143
6.4	0.9554
6.6	0.96144
6.8	0.95976
7	0.95976
7.2	0.94937
7.4	0.95104
7.6	0.95071
7.8	0.95473
8	0.94769
8.2	0.93897
8.4	0.94333
8.6	0.94936
8.8	0.95708
9	0.95137
9.2	0.94601
9.4	0.94433
9.6	0.94534
9.8	0.94534
10	0.95372
10.2	0.9564
10.4	0.95707
10.6	0.95473
10.8	0.95238
11	0.96009
11.2	0.95875
11.4	0.96076
11.6	0.96814
11.8	0.96579
12	0.96814
12.2	0.95842
12.4	0.96647
12.6	0.97787
12.8	0.97887
13	0.98457
13.2	0.98793
13.4	0.99799
13.6	0.99765
13.8	1
14	1.00268
14.2	0.99732
14.4	0.98458
14.6	0.98223
14.8	0.99464
15	1.0057
15.2	1.00972
15.4	1.01341
15.6	1.01207
15.8	1.01476
16	1.01677
16.2	1.00604
16.4	1.00772
16.6	1.01476
16.8	1.04192
17	1.01677
17.2	1.00369
17.4	1.00671
17.6	1.04024
17.8	1.04796
18	1.0379
18.2	1.02649
18.4	0.99631
18.6	1.00536
18.8	1.01509
19	1.04628
19.2	1.0332
19.4	1.0275
19.6	1.02917
19.8	1.03957
20	1.02951
20.2	1.02112
20.4	0.99799
20.6	1.00738
20.8	1.02381
21	1.01308
21.2	1.02515
21.4	1.00469
21.6	1.01476
21.8	1.01241
22	1.02448
22.2	1.02582
22.4	1.00738
22.6	1.01643
22.8	1.0161
23	1.01777
23.2	0.98994
23.4	0.99464
23.6	1
23.8	1.00503
24	1.01442
24.2	1.03387
24.4	1.02314
24.6	1
24.8	0.97686
25	0.999
25.2	1.01509
25.4	1.01107
25.6	1.00536
25.8	1.00738
26	1.00268
26.2	0.99598
26.4	0.99564
26.6	0.99698
26.8	0.98759
27	0.99664
27.2	1.00033
27.4	1.00134
27.6	0.9943
27.8	1.00872
28	1.01744
28.2	1.01006
28.4	0.99229
28.6	0.99061
28.8	1
29	1.00369
29.2	1.00302
29.4	1.00134
29.6	1
29.8	1.01174
30	1.01174
30.2	1.02482
30.4	1.00537
30.6	0.99028
30.8	1.00268
31	1.0228
31.2	1.03756
31.4	1.0171
31.6	1.00805
31.8	1.00369
32	1.00101
32.2	0.99665
32.4	1.00604
32.6	1.02683
32.8	1.05366
33	1.05433
33.2	1.03286
33.4	1.03152
33.6	1.03454
33.8	1.06204
34	1.03253
34.2	1.00973
34.4	0.99095
34.6	1.01107
34.8	1.04192
35	1.03018
35.2	1.00805
35.4	0.99832
35.6	1.00335
35.8	1.02716
36	1.01744
36.2	1.03924
36.4	1.05332
36.6	1.0607
36.8	1.04225
37	1.03588
37.2	1.0161
37.4	1.02079
37.6	1.02549
37.8	1.05801
38	1.06908
38.2	1.06036
38.4	1.03085
38.6	1.03622
38.8	1.01912
39	1.04594
39.2	1.03823
39.4	1.0389
39.6	1.03555
39.8	1.03555
40	1.05164
40.2	1.01509
40.4	0.9772
40.6	0.99027
40.8	1.01911
41	1.05097
41.2	1.04728
41.4	1.04695
41.6	1.05198
41.8	1.04427
42	1.03454
42.2	1.04359
42.4	1.06908
42.6	1.06673
42.8	1.0493
43	1.00302
43.2	0.98658
43.4	0.99664
43.6	1.04359
43.8	1.06103
44	1.07176
44.2	1.02649
44.4	1.03487
44.6	1.03923
44.8	1.06304
45	1.04795
45.2	1.03622
45.4	1.04225
45.6	1.02984
45.8	1.0389
46	1.02951
46.2	1.04661
46.4	1.04728
46.6	1.04158
46.8	1.06204
47	1.04762
47.2	1.05768
47.4	1.05667
47.6	1.07411
47.8	1.08015
48	1.05768
48.2	1.0664
48.4	1.02582
48.6	1.06707
48.8	1.0285
49	1.02917
49.2	1.00704
49.4	1.02716
49.6	1.08048
49.8	1.04561
50	1.07344
50.2	1.03588
50.4	1.08484
50.6	1.03823
50.8	1.06003
51	1.05433
51.2	1.07914
51.4	1.06003
51.6	1.04796
51.8	1.04259
52	1.04427
52.2	1.03052
52.4	1.05634
52.6	1.07378
52.8	1.08249
53	1.05634
53.2	1.03856
53.4	1.04661
53.6	1.04527
53.8	1.02783
54	1.03119
54.2	1.05768
54.4	1.07478
54.6	1.09557
54.8	1.05634
55	1.04929
55.2	1.04259
55.4	1.06036
55.6	1.09624
55.8	1.10765
56	1.08618
56.2	1.055
56.4	1.056
56.6	1.08987
56.8	1.07747
57	1.07176
57.2	1.08015
57.4	1.0607
57.6	1.08451
57.8	1.06103
58	1.07042
58.2	1.05667
58.4	1.06204
58.6	1.07043
58.8	1.055
59	1.06036
59.2	1.10463
59.4	1.09557
59.6	1.07478
59.8	1.04661
60	1.03521
60.2	1.04226
60.4	1.07948
60.6	1.11335
60.8	1.1053
61	1.09289
61.2	1.08115
61.4	1.11167
61.6	1.09088
61.8	1.05533
62	1.06472
62.2	1.08652
62.4	1.14722
62.6	1.11301
62.8	1.05768
63	1.05097
63.2	1.11502
63.4	1.14755
63.6	1.11938
63.8	1.03286
64	1.04695
64.2	1.06841
64.4	1.0617
64.6	1.0664
64.8	1.0825
65	1.13548
65.2	1.0996
65.4	1.05701
65.6	1.06472
65.8	1.10563
66	1.10563
66.2	1.11402
66.4	1.07948
66.6	1.04695
66.8	1.04796
67	1.06975
67.2	1.08082
67.4	1.06103
67.6	1.07948
67.8	1.1063
68	1.10731
68.2	1.10228
68.4	1.07277
68.6	1.04326
68.8	1.056
69	1.10966
69.2	1.10765
69.4	1.08887
69.6	1.03219
69.8	1.07076
70	1.06841
70.2	1.12408
70.4	1.07847
70.6	1.07646
70.8	1.03353
71	1.07109
71.2	1.04628
71.4	1.0939
71.6	1.10932
71.8	1.13447
72	1.09557
72.2	1.07411
72.4	1.06741
72.6	1.11905
72.8	1.12408
73	1.1167
73.2	1.08652
73.4	1.07344
73.6	1.09155
73.8	1.10362
74	1.11737
74.2	1.09457
74.4	1.07612
74.6	1.06875
74.8	1.1157
75	1.0996
75.2	1.07411
75.4	1.05802
75.6	1.09692
75.8	1.09323
76	1.10899
76.2	1.08585
76.4	1.08115
76.6	1.09457
76.8	1.0939
77	1.11905
77.2	1.07881
77.4	1.1157
77.6	1.12844
77.8	1.11737
78	1.10832
78.2	1.08216
78.4	1.11502
78.6	1.09457
78.8	1.07814
79	1.04728
79.2	1.05466
79.4	1.12475
79.6	1.13078
79.8	1.10463
80	1.07814
80.2	1.11905
80.4	1.12374
80.6	1.12039
80.8	1.08484
81	1.10228
81.2	1.09658
81.4	1.06204
81.6	1.06271
81.8	1.1224
82	1.15493
82.2	1.13481
82.4	1.08451
82.6	1.08887
82.8	1.14956
83	1.15325
83.2	1.11368
83.4	1.08719
83.6	1.1053
83.8	1.15761
84	1.13783
84.2	1.09524
84.4	1.06573
84.6	1.05433
84.8	1.09725
85	1.08216
85.2	1.10463
85.4	1.09088
85.6	1.13279
85.8	1.08954
86	1.08618
86.2	1.12475
86.4	1.16533
86.6	1.17304
86.8	1.09624
87	1.10731
87.2	1.12441
87.4	1.11737
87.6	1.11066
87.8	1.07746
88	1.11972
88.2	1.12441
88.4	1.11335
88.6	1.10396
88.8	1.06606
89	1.07579
89.2	1.1053
89.4	1.11234
89.6	1.14084
89.8	1.0731
90	1.08149
90.2	1.09557
90.4	1.20657
90.6	1.16734
90.8	1.13011
91	1.02716
91.2	1.08618
91.4	1.10631
91.6	1.13414
91.8	1.13783
92	1.13649
92.2	1.14554
92.4	1.10966
92.6	1.07277
92.8	1.08887
93	1.09323
93.2	1.11771
93.4	1.1271
93.6	1.17371
93.8	1.1395
94	1.10127
94.2	1.05835
94.4	1.09256
94.6	1.08183
94.8	1.11368
95	1.09893
95.2	1.09993
95.4	1.09859
95.6	1.08552
95.8	1.11167
96	1.1053
96.2	1.12777
96.4	1.17069
96.6	1.16298
96.8	1.15728
97	1.13447
97.2	1.14789
97.4	1.10362
97.6	1.1063
97.8	1.09121
98	1.09926
98.2	1.01911
98.4	1.07847
98.6	1.0835
98.8	1.14185
99	1.11033
99.2	1.15359
99.4	1.11201
99.6	1.05668
99.8	1.01744
100	1.1006